amogus 1012 475 0.00 0.00 1505.53
amogus 1119 475 23.70 838.69 -30.91
amogus 1225 475 21.19 1009.36 -31.51
amogus 1332 475 21.20 1009.43 -31.17
amogus 1439 475 21.20 1009.39 -30.75
amogus 1546 475 21.20 1009.34 -31.42
amogus 1652 475 21.20 1009.42 -30.92
amogus 1759 475 21.21 1009.36 -31.17
amogus 1866 474 21.20 1009.39 -31.00
amogus 1973 475 21.21 1009.37 -30.67
amogus 2079 474 21.21 1009.33 -32.19
amogus 2186 475 21.20 1009.51 -31.08
amogus 2293 475 21.20 1009.38 -31.68
amogus 2400 475 21.21 1009.45 -31.00
amogus 2506 475 21.21 1009.37 -31.68
amogus 2613 475 21.21 1009.45 -30.83
amogus 2719 475 21.20 1009.35 -30.66
amogus 2827 474 21.19 1009.33 -31.68
amogus 2933 475 21.21 1009.45 -31.26
amogus 3040 474 21.21 1009.40 -31.34
amogus 3146 475 21.21 1009.41 -31.00
amogus 3254 474 21.21 1009.37 -32.02
amogus 3360 475 21.21 1009.49 -30.92
amogus 3467 475 21.21 1009.36 -31.68
amogus 3573 475 21.21 1009.45 -31.34
amogus 3681 475 21.21 1009.41 -31.68
amogus 3787 477 21.21 1009.45 -31.00
amogus 3894 484 21.21 1009.37 -30.67
amogus 4000 500 21.21 1009.33 -31.26
amogus 4107 519 21.21 1009.40 -31.00
amogus 4214 534 21.21 1009.37 -31.52
amogus 4321 557 21.22 1009.43 -31.26
amogus 4427 585 21.21 1009.40 -31.00
amogus 4534 613 21.21 1009.37 -31.00
amogus 4641 637 21.21 1009.37 -32.11
amogus 4748 661 21.22 1009.50 -30.92
amogus 4854 686 21.21 1009.36 -30.67
amogus 4961 710 21.21 1009.33 -31.34
amogus 5068 735 21.21 1009.41 -31.52
amogus 5175 758 21.22 1009.43 -31.34
amogus 5281 783 21.21 1009.41 -30.92
amogus 5388 808 21.21 1009.36 -31.34
amogus 5495 834 21.21 1009.41 -31.18
amogus 5602 859 21.22 1009.39 -31.09
amogus 5708 880 21.22 1009.38 -31.86
amogus 5815 900 21.22 1009.47 -31.18
amogus 5921 916 21.22 1009.39 -31.18
amogus 6029 930 21.22 1009.39 -30.58
amogus 6135 942 21.22 1009.32 -31.18
amogus 6242 951 21.22 1009.39 -31.95
amogus 6348 956 21.22 1009.48 -31.35
amogus 6456 959 21.23 1009.41 -31.52
amogus 6562 960 21.22 1009.43 -31.35
amogus 6669 961 21.23 1009.41 -31.35
amogus 6775 961 21.23 1009.41 -30.58
amogus 6883 961 21.22 1009.32 -31.01
amogus 6989 960 21.23 1009.37 -31.35
amogus 7096 960 21.23 1009.41 -30.58
amogus 7202 960 21.22 1009.32 -30.67
amogus 7310 960 21.23 1009.33 -31.44
amogus 7416 960 21.23 1009.42 -31.18
amogus 7523 961 21.24 1009.39 -31.35
amogus 7629 960 21.23 1009.41 -30.67
amogus 7736 958 21.23 1009.33 -32.12
amogus 7843 957 21.23 1009.50 -31.69
amogus 7950 956 21.23 1009.45 -30.93
amogus 8056 954 21.22 1009.36 -31.44
amogus 8163 952 21.23 1009.42 -31.70
amogus 8270 950 21.25 1009.45 -31.26
amogus 8377 947 21.22 1009.40 -31.53
amogus 8483 944 21.24 1009.43 -30.42
amogus 8590 941 21.23 1009.30 -31.10
amogus 8697 936 21.23 1009.38 -31.10
amogus 8804 933 21.23 1009.38 -31.35
amogus 8910 928 21.23 1009.41 -31.10
amogus 9017 923 21.23 1009.38 -31.10
amogus 9124 918 21.23 1009.38 -30.67
amogus 9231 912 21.23 1009.33 -31.35
amogus 9337 907 21.23 1009.41 -31.01
amogus 9444 901 21.23 1009.37 -30.67
amogus 9550 896 21.23 1009.33 -30.85
amogus 9658 890 21.24 1009.35 -30.85
amogus 9764 884 21.24 1009.35 -30.76
amogus 9871 878 21.23 1009.34 -31.87
amogus 9977 872 21.24 1009.47 -31.01
amogus 10085 866 21.23 1009.37 -30.85
amogus 10191 859 21.24 1009.35 -30.76
amogus 10298 853 21.23 1009.34 -31.01
amogus 10405 847 21.23 1009.37 -31.53
amogus 10512 841 21.24 1009.43 -31.01
amogus 10618 835 21.23 1009.37 -31.53
amogus 10725 829 21.24 1009.43 -30.85
amogus 10832 823 21.24 1009.35 -31.18
amogus 10939 816 21.24 1009.39 -31.01
amogus 11045 811 21.23 1009.37 -31.53
amogus 11152 804 21.24 1009.43 -31.53
amogus 11259 798 21.24 1009.43 -31.53
amogus 11366 792 21.24 1009.43 -31.44
amogus 11472 786 21.23 1009.42 -32.12
amogus 11580 780 21.23 1009.50 -31.01
amogus 11686 774 21.23 1009.37 -31.01
amogus 11793 769 21.23 1009.37 -31.44
amogus 11899 763 21.23 1009.42 -31.18
amogus 12007 757 21.24 1009.39 -31.44
amogus 12113 752 21.23 1009.42 -31.01
amogus 12220 746 21.23 1009.37 -31.01
amogus 12327 741 21.23 1009.37 -31.44
amogus 12434 735 21.23 1009.42 -31.01
amogus 12540 730 21.23 1009.37 -31.01
amogus 12647 725 21.23 1009.37 -31.53
amogus 12754 721 21.24 1009.43 -30.67
amogus 12861 715 21.23 1009.33 -31.26
amogus 12967 710 21.22 1009.40 -31.18
amogus 13075 705 21.24 1009.39 -31.26
amogus 13181 701 21.22 1009.40 -31.69
amogus 13288 696 21.23 1009.45 -31.35
amogus 13394 692 21.23 1009.41 -30.42
amogus 13502 687 21.23 1009.30 -30.76
amogus 13608 683 21.23 1009.34 -31.02
amogus 13715 678 21.25 1009.37 -30.85
amogus 13821 674 21.24 1009.35 -31.02
amogus 13929 670 21.25 1009.37 -31.61
amogus 14035 666 21.24 1009.44 -31.70
amogus 14142 662 21.25 1009.45 -30.76
amogus 14249 658 21.23 1009.34 -31.61
amogus 14356 654 21.24 1009.44 -31.61
amogus 14462 650 21.24 1009.44 -31.18
amogus 14569 646 21.24 1009.39 -30.85
amogus 14676 642 21.24 1009.35 -30.76
amogus 14783 639 21.23 1009.34 -31.53
amogus 14889 636 21.24 1009.43 -31.35
amogus 14997 633 21.23 1009.41 -31.53
amogus 15104 629 21.24 1009.43 -31.44
amogus 15210 626 21.23 1009.42 -31.44
amogus 15316 623 21.23 1009.42 -30.94
amogus 15424 620 21.24 1009.36 -30.85
amogus 15531 617 21.24 1009.35 -31.27
amogus 15637 614 21.24 1009.40 -31.27
amogus 15744 611 21.24 1009.40 -31.61
amogus 15851 608 21.24 1009.44 -31.53
amogus 15958 605 21.24 1009.43 -31.53
amogus 16064 602 21.24 1009.43 -30.85
amogus 16172 600 21.24 1009.35 -30.85
amogus 16278 597 21.24 1009.35 -31.01
amogus 16385 595 21.23 1009.37 -31.87
amogus 16491 592 21.24 1009.47 -31.35
amogus 16599 590 21.23 1009.41 -31.01
amogus 16705 588 21.23 1009.37 -31.18
amogus 16812 585 21.24 1009.39 -32.12
amogus 16919 583 21.23 1009.50 -31.35
amogus 17026 581 21.23 1009.41 -31.26
amogus 17132 579 21.22 1009.40 -31.01
amogus 17239 577 21.23 1009.37 -30.33
amogus 17346 574 21.23 1009.29 -30.58
amogus 17453 572 21.22 1009.32 -31.78
amogus 17559 570 21.23 1009.46 -31.69
amogus 17667 568 21.23 1009.45 -31.10
amogus 17773 566 21.23 1009.38 -31.10
amogus 17880 565 21.23 1009.38 -31.53
amogus 17986 563 21.24 1009.43 -31.35
amogus 18094 561 21.23 1009.41 -32.12
amogus 18200 559 21.23 1009.50 -30.76
amogus 18307 558 21.23 1009.34 -31.53
amogus 18414 556 21.24 1009.43 -32.12
amogus 18521 555 21.23 1009.50 -31.44
amogus 18627 552 21.23 1009.42 -31.53
amogus 18734 551 21.24 1009.43 -31.26
amogus 18841 550 21.22 1009.40 -31.10
amogus 18948 548 21.23 1009.38 -31.44
amogus 19054 547 21.23 1009.42 -30.85
amogus 19161 545 21.24 1009.35 -30.85
amogus 19268 544 21.24 1009.35 -30.76
amogus 19375 542 21.23 1009.34 -31.18
amogus 19481 541 21.24 1009.39 -31.53
amogus 19589 540 21.24 1009.43 -31.53
amogus 19695 538 21.24 1009.43 -31.18
amogus 19802 537 21.24 1009.39 -31.35
amogus 19908 536 21.23 1009.41 -31.01
amogus 20016 535 21.23 1009.37 -30.07
amogus 20122 533 21.23 1009.26 -30.67
amogus 20229 532 21.23 1009.33 -31.60
amogus 20336 531 21.22 1009.44 -31.44
amogus 20443 530 21.23 1009.42 -31.18
amogus 20549 529 21.22 1009.39 -31.53
amogus 20656 528 21.24 1009.43 -31.44
amogus 20763 527 21.23 1009.42 -30.85
amogus 20870 526 21.24 1009.35 -30.85
amogus 20976 525 21.24 1009.35 -31.02
amogus 21084 524 21.25 1009.37 -31.10
amogus 21190 523 21.23 1009.38 -30.68
amogus 21297 522 21.25 1009.33 -31.79
amogus 21403 521 21.25 1009.46 -30.00
amogus 21511 520 21.25 1009.25 -31.36
amogus 21617 519 21.25 1009.41 -31.70
amogus 21724 518 21.25 1009.45 -31.87
amogus 21831 517 21.26 1009.48 -31.70
amogus 21938 517 21.25 1009.45 -31.53
amogus 22044 516 21.26 1009.43 -30.68
amogus 22151 515 21.25 1009.33 -31.19
amogus 22258 514 21.26 1009.39 -30.34
amogus 22365 513 21.25 1009.29 -31.70
amogus 22471 512 21.25 1009.45 -31.53
amogus 22579 512 21.26 1009.43 -31.45
amogus 22685 511 21.25 1009.42 -31.36
amogus 22792 510 21.25 1009.41 -30.67
amogus 22898 510 21.23 1009.33 -31.87
amogus 23006 509 21.24 1009.47 -30.59
amogus 23112 508 21.24 1009.32 -30.94
amogus 23219 507 21.24 1009.36 -30.59
amogus 23325 507 21.24 1009.32 -31.02
amogus 23433 507 21.25 1009.37 -31.53
amogus 23539 506 21.26 1009.43 -31.36
amogus 23646 505 21.25 1009.41 -31.10
amogus 23753 505 21.25 1009.38 -31.70
amogus 23860 504 21.25 1009.45 -31.70
amogus 23966 504 21.25 1009.45 -31.02
amogus 24073 503 21.25 1009.37 -31.36
amogus 24180 503 21.25 1009.41 -30.68
amogus 24287 502 21.25 1009.33 -31.53
amogus 24393 501 21.24 1009.43 -30.85
amogus 24501 501 21.24 1009.35 -30.68
amogus 24607 500 21.25 1009.33 -30.68
amogus 24714 500 21.25 1009.33 -31.10
amogus 24820 500 21.25 1009.38 -31.28
amogus 24928 498 21.26 1009.40 -30.85
amogus 25034 499 21.26 1009.35 -30.85
amogus 25141 498 21.26 1009.35 -31.02
amogus 25248 498 21.25 1009.37 -31.61
amogus 25355 497 21.24 1009.44 -29.82
amogus 25461 497 21.24 1009.23 -31.02
amogus 25568 496 21.25 1009.37 -31.70
amogus 25675 496 21.25 1009.45 -31.79
amogus 25782 496 21.25 1009.46 -31.10
amogus 25888 495 21.25 1009.38 -31.45
amogus 25996 495 21.25 1009.42 -30.85
amogus 26102 494 21.26 1009.35 -31.10
amogus 26209 494 21.25 1009.38 -31.02
amogus 26315 493 21.25 1009.37 -31.87
amogus 26423 493 21.26 1009.48 -31.19
amogus 26529 493 21.26 1009.39 -31.53
amogus 26636 492 21.26 1009.43 -31.02
amogus 26743 492 21.25 1009.37 -31.62
amogus 26850 492 21.26 1009.44 -31.19
amogus 26956 491 21.26 1009.39 -30.77
amogus 27063 491 21.25 1009.34 -31.36
amogus 27170 491 21.26 1009.41 -31.53
amogus 27277 490 21.26 1009.43 -30.77
amogus 27383 490 21.25 1009.34 -31.19
amogus 27491 490 21.26 1009.39 -31.53
amogus 27597 490 21.26 1009.43 -31.53
amogus 27704 489 21.26 1009.43 -31.28
amogus 27810 489 21.26 1009.40 -31.19
amogus 27918 488 21.26 1009.39 -30.85
amogus 28024 488 21.26 1009.35 -31.10
amogus 28131 488 21.25 1009.38 -31.53
amogus 28237 488 21.26 1009.43 -31.45
amogus 28345 488 21.25 1009.42 -31.28
amogus 28451 488 21.26 1009.40 -30.94
amogus 28558 487 21.26 1009.36 -31.53
amogus 28665 487 21.26 1009.43 -31.19
amogus 28772 487 21.26 1009.39 -31.79
amogus 28878 486 21.25 1009.46 -30.85
amogus 28985 486 21.26 1009.35 -30.60
amogus 29092 486 21.26 1009.32 -30.25
amogus 29199 486 21.26 1009.28 -31.62
amogus 29305 486 21.26 1009.44 -31.03
amogus 29413 485 21.26 1009.37 -31.36
amogus 29519 485 21.26 1009.41 -31.88
amogus 29626 485 21.27 1009.48 -31.54
amogus 29732 484 21.27 1009.44 -31.12
amogus 29840 484 21.27 1009.38 -31.20
amogus 29946 484 21.27 1009.39 -31.03
amogus 30053 484 21.26 1009.37 -30.69
amogus 30160 484 21.26 1009.33 -31.03
amogus 30267 484 21.26 1009.37 -32.22
amogus 30373 484 21.27 1009.52 -31.12
amogus 30480 483 21.27 1009.38 -31.45
amogus 30587 483 21.27 1009.43 -31.03
amogus 30694 483 21.26 1009.37 -30.60
amogus 30800 483 21.26 1009.32 -31.03
amogus 30908 483 21.26 1009.37 -31.71
amogus 31014 483 21.26 1009.46 -32.14
amogus 31121 483 21.27 1009.51 -31.71
amogus 31227 482 21.26 1009.46 -31.36
amogus 31335 483 21.26 1009.41 -31.12
amogus 31441 482 21.27 1009.38 -31.54
amogus 31548 482 21.27 1009.44 -30.86
amogus 31655 482 21.27 1009.35 -31.88
amogus 31762 482 21.27 1009.48 -31.71
amogus 31868 482 21.26 1009.46 -31.54
amogus 31975 482 21.27 1009.44 -31.12
amogus 32082 481 21.27 1009.38 -31.54
amogus 32189 481 21.27 1009.44 -31.88
amogus 32295 481 21.27 1009.48 -30.95
amogus 32402 480 21.28 1009.36 -31.54
amogus 32509 480 21.27 1009.44 -30.86
amogus 32616 480 21.27 1009.35 -31.29
amogus 32722 480 21.28 1009.41 -31.97
amogus 32830 480 21.28 1009.49 -30.86
amogus 32936 480 21.27 1009.35 -31.71
amogus 33043 480 21.28 1009.46 -30.69
amogus 33149 480 21.28 1009.33 -31.63
amogus 33257 480 21.28 1009.45 -30.95
amogus 33363 479 21.28 1009.36 -31.36
amogus 33470 480 21.26 1009.41 -31.12
amogus 33577 480 21.27 1009.38 -31.20
amogus 33684 480 21.27 1009.39 -31.36
amogus 33790 479 21.26 1009.41 -31.03
amogus 33897 479 21.28 1009.37 -31.88
amogus 34004 479 21.27 1009.48 -31.71
amogus 34111 479 21.28 1009.46 -31.20
amogus 34217 479 21.27 1009.39 -31.03
amogus 34325 479 21.28 1009.37 -31.20
amogus 34432 479 21.27 1009.39 -31.37
amogus 34538 479 21.28 1009.42 -30.69
amogus 34644 478 21.28 1009.33 -31.71
amogus 34752 478 21.28 1009.46 -30.01
amogus 34859 478 21.28 1009.25 -31.80
amogus 34965 478 21.29 1009.47 -31.12
amogus 35072 478 21.29 1009.39 -31.37
amogus 35179 478 21.28 1009.42 -30.86
amogus 35286 478 21.27 1009.35 -30.86
amogus 35392 478 21.27 1009.35 -31.37
amogus 35500 477 21.28 1009.42 -31.88
amogus 35606 478 21.27 1009.48 -31.71
amogus 35713 477 21.28 1009.46 -30.52
amogus 35819 477 21.27 1009.31 -31.29
amogus 35927 478 21.28 1009.41 -30.43
amogus 36033 477 21.27 1009.30 -30.86
amogus 36140 477 21.27 1009.35 -32.14
amogus 36247 477 21.27 1009.51 -30.86
amogus 36354 477 21.27 1009.35 -30.86
amogus 36460 477 21.27 1009.35 -31.12
amogus 36567 477 21.27 1009.38 -31.20
amogus 36674 477 21.27 1009.39 -31.20
amogus 36781 477 21.27 1009.39 -31.03
amogus 36887 477 21.26 1009.37 -31.03
amogus 36995 476 21.26 1009.37 -31.45
amogus 37101 476 21.27 1009.43 -30.86
amogus 37208 477 21.27 1009.35 -31.12
amogus 37314 476 21.27 1009.38 -30.77
amogus 37422 476 21.27 1009.34 -30.69
amogus 37528 476 21.26 1009.33 -30.18
amogus 37635 476 21.27 1009.27 -31.03
amogus 37742 476 21.26 1009.37 -31.45
amogus 37849 476 21.27 1009.43 -30.95
amogus 37955 476 21.28 1009.36 -31.54
amogus 38062 476 21.27 1009.44 -31.45
amogus 38169 476 21.27 1009.43 -31.03
amogus 38276 476 21.26 1009.37 -31.45
amogus 38382 476 21.27 1009.43 -31.20
amogus 38490 476 21.27 1009.39 -31.54
amogus 38596 476 21.27 1009.44 -31.20
amogus 38703 476 21.27 1009.39 -31.88
amogus 38809 476 21.27 1009.48 -31.45
amogus 38917 475 21.27 1009.43 -30.77
amogus 39023 475 21.27 1009.34 -30.77
amogus 39130 476 21.27 1009.34 -30.86
amogus 39237 475 21.27 1009.35 -31.20
amogus 39344 475 21.27 1009.39 -30.52
amogus 39450 475 21.27 1009.31 -31.45
amogus 39557 475 21.27 1009.43 -31.29
amogus 39664 475 21.28 1009.41 -31.37
amogus 39771 475 21.28 1009.42 -30.77
amogus 39877 475 21.27 1009.34 -30.60
amogus 39985 475 21.28 1009.32 -31.03
amogus 40091 475 21.28 1009.37 -30.69
amogus 40198 475 21.28 1009.33 -30.78
amogus 40304 474 21.29 1009.34 -31.21
amogus 40412 475 21.29 1009.40 -31.71
amogus 40518 475 21.28 1009.46 -31.37
amogus 40625 475 21.28 1009.42 -30.95
amogus 40732 474 21.28 1009.36 -30.95
amogus 40839 475 21.28 1009.36 -30.35
amogus 40945 475 21.28 1009.29 -30.95
amogus 41052 474 21.28 1009.36 -31.54
amogus 41159 474 21.27 1009.44 -31.12
amogus 41266 474 21.27 1009.38 -30.86
amogus 41372 474 21.27 1009.35 -30.86
amogus 41480 475 21.27 1009.35 -31.54
amogus 41586 474 21.27 1009.44 -30.86
amogus 41693 474 21.27 1009.35 -30.52
amogus 41799 474 21.27 1009.31 -31.63
amogus 41907 474 21.28 1009.45 -30.69
amogus 42013 474 21.26 1009.33 -31.12
amogus 42120 474 21.27 1009.38 -31.03
amogus 42227 473 21.26 1009.37 -30.77
amogus 42334 474 21.27 1009.34 -31.71
amogus 42440 473 21.26 1009.46 -30.43
amogus 42547 474 21.27 1009.30 -31.20
amogus 42654 474 21.27 1009.39 -31.54
amogus 42761 474 21.27 1009.44 -31.03
amogus 42867 474 21.26 1009.37 -31.88
amogus 42975 474 21.27 1009.48 -31.54
amogus 43081 473 21.27 1009.44 -31.54
amogus 43188 474 21.27 1009.44 -31.12
amogus 43294 474 21.27 1009.38 -31.97
amogus 43402 474 21.28 1009.49 -31.29
amogus 43508 474 21.28 1009.41 -30.69
amogus 43615 474 21.28 1009.33 -31.21
amogus 43722 474 21.29 1009.40 -30.86
amogus 43829 473 21.27 1009.35 -30.69
amogus 43935 474 21.28 1009.33 -31.29
amogus 44042 473 21.28 1009.41 -30.95
amogus 44149 474 21.28 1009.36 -31.03
amogus 44256 474 21.28 1009.37 -31.54
amogus 44362 473 21.27 1009.44 -31.12
amogus 44469 473 21.27 1009.38 -30.77
amogus 44576 473 21.27 1009.34 -31.36
amogus 44683 474 21.26 1009.41 -30.77
amogus 44789 473 21.27 1009.34 -31.54
amogus 44897 474 21.27 1009.44 -31.20
amogus 45003 473 21.27 1009.39 -31.12
amogus 45110 473 21.27 1009.38 -31.12
amogus 45216 473 21.27 1009.38 -30.69
amogus 45324 473 21.26 1009.33 -30.69
amogus 45430 473 21.26 1009.33 -30.77
amogus 45537 473 21.27 1009.34 -31.20
amogus 45644 473 21.27 1009.39 -31.71
amogus 45751 473 21.28 1009.46 -32.06
amogus 45857 473 21.28 1009.50 -30.77
amogus 45964 473 21.27 1009.34 -31.29
amogus 46071 473 21.28 1009.41 -30.69
amogus 46178 473 21.26 1009.33 -31.54
amogus 46284 473 21.27 1009.44 -31.12
amogus 46392 473 21.27 1009.38 -30.86
amogus 46498 473 21.27 1009.35 -31.63
amogus 46605 473 21.28 1009.45 -31.03
amogus 46711 473 21.28 1009.37 -30.77
amogus 46819 473 21.27 1009.34 -31.71
amogus 46925 473 21.28 1009.46 -31.54
amogus 47032 473 21.27 1009.44 -31.20
amogus 47139 473 21.27 1009.39 -31.54
amogus 47246 473 21.27 1009.44 -31.12
amogus 47352 473 21.27 1009.38 -31.20
amogus 47459 473 21.27 1009.39 -31.20
amogus 47566 473 21.27 1009.39 -30.69
amogus 47673 473 21.26 1009.33 -31.45
amogus 47779 473 21.27 1009.43 -31.12
amogus 47887 472 21.27 1009.38 -31.54
amogus 47993 473 21.27 1009.44 -31.63
amogus 48100 472 21.28 1009.45 -30.52
amogus 48206 472 21.27 1009.31 -30.86
amogus 48314 473 21.27 1009.35 -30.95
amogus 48420 472 21.28 1009.36 -30.43
amogus 48527 473 21.27 1009.30 -30.52
amogus 48633 473 21.27 1009.31 -30.86
amogus 48741 473 21.27 1009.35 -30.77
amogus 48847 473 21.27 1009.34 -30.52
amogus 48954 473 21.27 1009.31 -30.69
amogus 49061 472 21.26 1009.33 -31.12
amogus 49168 473 21.27 1009.38 -31.54
amogus 49274 472 21.27 1009.44 -31.12
amogus 49381 473 21.27 1009.38 -31.20
amogus 49488 472 21.27 1009.39 -31.36
amogus 49595 472 21.26 1009.41 -31.12
amogus 49701 472 21.27 1009.38 -31.03
amogus 49809 473 21.26 1009.37 -31.53
amogus 49915 472 21.26 1009.43 -30.60
amogus 50022 472 21.26 1009.32 -31.28
amogus 50128 472 21.26 1009.40 -31.36
amogus 50236 472 21.26 1009.41 -31.71
amogus 50342 472 21.26 1009.46 -31.03
amogus 50449 472 21.26 1009.37 -30.69
amogus 50556 472 21.26 1009.33 -31.36
amogus 50663 472 21.26 1009.41 -31.36
amogus 50769 472 21.26 1009.41 -30.77
amogus 50876 472 21.27 1009.34 -31.54
amogus 50983 472 21.27 1009.44 -31.54
amogus 51090 472 21.27 1009.44 -30.69
amogus 51196 472 21.26 1009.33 -31.28
amogus 51304 472 21.26 1009.40 -31.36
amogus 51410 471 21.26 1009.41 -31.28
amogus 51517 472 21.26 1009.40 -31.45
amogus 51623 472 21.27 1009.43 -31.28
amogus 51731 472 21.26 1009.40 -30.85
amogus 51837 472 21.26 1009.35 -30.85
amogus 51944 472 21.26 1009.35 -31.45
amogus 52050 472 21.27 1009.43 -31.02
amogus 52158 472 21.25 1009.37 -31.96
amogus 52264 472 21.26 1009.49 -31.53
amogus 52371 472 21.26 1009.43 -31.36
amogus 52478 472 21.26 1009.41 -31.71
amogus 52585 472 21.26 1009.46 -31.19
amogus 52691 472 21.26 1009.39 -31.53
amogus 52798 472 21.26 1009.43 -31.96
amogus 52905 472 21.26 1009.49 -31.36
amogus 53012 472 21.26 1009.41 -31.12
amogus 53118 472 21.27 1009.38 -30.94
amogus 53226 472 21.26 1009.36 -31.45
amogus 53332 472 21.27 1009.43 -30.51
amogus 53439 472 21.26 1009.31 -31.03
amogus 53545 472 21.26 1009.37 -31.36
amogus 53653 472 21.26 1009.41 -31.03
amogus 53760 472 21.26 1009.37 -31.87
amogus 53866 472 21.26 1009.48 -31.20
amogus 53974 472 21.27 1009.39 -31.36
amogus 54080 472 21.26 1009.41 -31.03
amogus 54187 472 21.26 1009.37 -31.36
amogus 54293 472 21.26 1009.41 -31.03
amogus 54401 472 21.26 1009.37 -31.36
amogus 54507 472 21.26 1009.41 -31.62
amogus 54614 472 21.26 1009.44 -31.62
amogus 54721 472 21.26 1009.44 -31.03
amogus 54828 471 21.26 1009.37 -30.69
amogus 54934 471 21.26 1009.33 -30.60
amogus 55041 472 21.26 1009.32 -30.51
amogus 55148 472 21.26 1009.31 -30.94
amogus 55255 472 21.26 1009.36 -30.85
amogus 55361 472 21.26 1009.35 -31.19
amogus 55469 472 21.26 1009.39 -31.53
amogus 55575 472 21.26 1009.43 -31.19
amogus 55682 472 21.26 1009.39 -30.77
amogus 55788 471 21.25 1009.34 -31.19
amogus 55896 472 21.26 1009.39 -30.94
