amogus 1012 482 0.00 0.00 1505.53
amogus 1119 482 23.70 838.69 -34.27
amogus 1225 483 22.71 1009.76 -34.27
amogus 1332 483 22.71 1009.76 -33.59
amogus 1439 482 22.71 1009.68 -34.78
amogus 1546 482 22.72 1009.82 -34.70
amogus 1652 483 22.72 1009.81 -34.36
amogus 1759 482 22.72 1009.77 -34.36
amogus 1866 482 22.72 1009.77 -34.61
amogus 1973 482 22.71 1009.80 -34.36
amogus 2079 482 22.72 1009.77 -33.93
amogus 2186 482 22.71 1009.72 -34.61
amogus 2293 482 22.71 1009.80 -33.59
amogus 2400 482 22.71 1009.68 -34.02
amogus 2506 482 22.72 1009.73 -33.08
amogus 2613 482 22.72 1009.62 -34.27
amogus 2719 482 22.71 1009.76 -34.70
amogus 2827 482 22.72 1009.81 -34.78
amogus 2933 482 22.72 1009.82 -34.02
amogus 3040 482 22.72 1009.73 -33.33
amogus 3146 482 22.72 1009.65 -34.44
amogus 3254 482 22.72 1009.78 -34.10
amogus 3360 482 22.72 1009.74 -34.95
amogus 3467 482 22.71 1009.84 -35.13
amogus 3573 482 22.72 1009.86 -34.02
amogus 3681 482 22.72 1009.73 -35.64
amogus 3787 482 22.73 1009.93 -34.10
amogus 3894 482 22.72 1009.74 -34.44
amogus 4000 482 22.71 1009.78 -34.70
amogus 4108 482 22.72 1009.81 -34.10
amogus 4214 482 22.72 1009.74 -34.36
amogus 4321 482 22.72 1009.77 -34.36
amogus 4427 482 22.72 1009.77 -34.02
amogus 4534 482 22.72 1009.73 -33.76
amogus 4641 482 22.72 1009.70 -34.02
amogus 1012 482 0.00 0.00 1505.53
amogus 1119 482 23.70 838.69 -34.52
amogus 1225 482 22.71 1009.79 -33.93
amogus 1332 482 22.71 1009.72 -35.30
amogus 1439 482 22.71 1009.88 -34.02
amogus 1546 482 22.72 1009.73 -33.25
amogus 1652 482 22.71 1009.64 -34.36
amogus 1759 482 22.72 1009.77 -35.04
amogus 1866 481 22.72 1009.85 -34.36
amogus 1973 482 22.72 1009.77 -33.59
amogus 2079 482 22.71 1009.68 -32.99
amogus 2186 482 22.72 1009.61 -34.78
amogus 2293 482 22.72 1009.82 -34.19
amogus 2400 482 22.73 1009.75 -34.02
amogus 2506 482 22.72 1009.73 -34.02
amogus 2613 482 22.72 1009.73 -33.25
amogus 2719 482 22.71 1009.64 -33.93
amogus 2827 482 22.71 1009.72 -33.93
amogus 2933 482 22.71 1009.72 -34.61
amogus 3040 482 22.71 1009.80 -33.93
amogus 3146 482 22.71 1009.72 -34.52
amogus 3254 482 22.71 1009.79 -34.36
amogus 3360 482 22.72 1009.77 -33.93
amogus 3467 481 22.71 1009.72 -34.70
amogus 3573 482 22.72 1009.81 -33.76
amogus 3681 482 22.72 1009.70 -33.33
amogus 3787 482 22.72 1009.65 -34.95
amogus 3894 481 22.71 1009.84 -34.78
amogus 4000 481 22.72 1009.82 -34.44
amogus 4108 481 22.72 1009.78 -34.61
amogus 4214 482 22.71 1009.80 -34.10
amogus 4321 482 22.72 1009.74 -33.93
amogus 4427 482 22.71 1009.72 -33.67
amogus 4534 482 22.72 1009.69 -34.36
amogus 4641 482 22.72 1009.77 -34.87
amogus 4748 482 22.73 1009.83 -34.36
amogus 4854 482 22.72 1009.77 -34.78
amogus 4961 482 22.72 1009.82 -34.70
amogus 5068 482 22.72 1009.81 -34.36
amogus 5175 482 22.72 1009.77 -34.87
amogus 5281 482 22.73 1009.83 -34.78
amogus 5388 482 22.72 1009.82 -34.78
amogus 5495 482 22.72 1009.82 -34.02
amogus 5602 482 22.72 1009.73 -34.02
amogus 5708 482 22.72 1009.73 -34.36
amogus 5815 482 22.72 1009.77 -34.78
amogus 5922 482 22.72 1009.82 -34.19
amogus 6029 482 22.73 1009.75 -34.36
amogus 6135 481 22.72 1009.77 -35.13
amogus 6242 482 22.72 1009.86 -33.25
amogus 6348 482 22.71 1009.64 -34.70
amogus 6456 482 22.72 1009.81 -34.10
amogus 6562 482 22.72 1009.74 -33.93
amogus 6669 482 22.71 1009.72 -34.27
amogus 6775 482 22.71 1009.76 -32.91
amogus 6883 482 22.71 1009.60 -33.42
amogus 6989 482 22.72 1009.66 -34.78
amogus 7096 482 22.72 1009.82 -34.87
amogus 7202 482 22.73 1009.83 -34.10
amogus 7310 482 22.72 1009.74 -34.19
amogus 7416 482 22.73 1009.75 -34.78
amogus 7523 482 22.72 1009.82 -34.78
amogus 7629 482 22.72 1009.82 -34.78
amogus 7737 482 22.72 1009.82 -33.85
amogus 7843 496 22.73 1009.71 -35.13
amogus 7950 572 22.72 1009.86 -34.70
amogus 8056 670 22.72 1009.81 -32.74
amogus 8163 757 22.72 1009.58 -34.44
amogus 8270 826 22.72 1009.78 -35.46
amogus 8377 880 22.72 1009.91 -34.19
amogus 8483 919 22.73 1009.75 -33.93
amogus 8590 947 22.71 1009.72 -34.10
amogus 8697 966 22.72 1009.74 -34.10
amogus 8804 980 22.72 1009.74 -33.67
amogus 8910 990 22.72 1009.69 -34.10
amogus 9017 996 22.72 1009.74 -34.10
amogus 9124 1001 22.72 1009.74 -34.78
amogus 9231 1004 22.72 1009.82 -34.10
amogus 9337 1006 22.72 1009.74 -34.78
amogus 9444 1008 22.72 1009.82 -33.42
amogus 9551 1010 22.72 1009.66 -33.08
amogus 9658 1011 22.72 1009.62 -35.13
amogus 9764 1012 22.72 1009.86 -34.10
amogus 9872 1014 22.72 1009.74 -34.78
amogus 9978 1015 22.72 1009.82 -34.70
amogus 10085 1016 22.72 1009.81 -34.27
amogus 10191 1016 22.71 1009.76 -34.27
amogus 10299 1016 22.71 1009.76 -35.22
amogus 10405 1016 22.73 1009.87 -34.62
amogus 10512 1015 22.73 1009.80 -34.10
amogus 10619 1016 22.72 1009.74 -34.44
amogus 10726 1014 22.72 1009.78 -33.76
amogus 10832 1013 22.72 1009.70 -34.44
amogus 10940 1012 22.72 1009.78 -34.53
amogus 11046 1012 22.73 1009.79 -33.76
amogus 11153 1011 22.72 1009.70 -34.10
amogus 11260 1010 22.72 1009.74 -33.93
amogus 11367 1009 22.71 1009.72 -33.67
amogus 11473 1008 22.72 1009.69 -34.96
amogus 11581 1007 22.73 1009.84 -34.10
amogus 11687 1006 22.72 1009.74 -34.37
amogus 11794 1006 22.74 1009.77 -33.94
amogus 11901 1004 22.73 1009.72 -34.87
amogus 12008 1003 22.73 1009.83 -34.44
amogus 12114 1002 22.72 1009.78 -34.19
amogus 12222 1001 22.73 1009.75 -33.67
amogus 12328 1000 22.72 1009.69 -34.53
amogus 12435 1000 22.73 1009.79 -34.02
amogus 12542 998 22.72 1009.73 -34.78
amogus 12649 997 22.72 1009.82 -34.78
amogus 12755 996 22.72 1009.82 -34.62
amogus 12862 995 22.73 1009.80 -34.19
amogus 12969 993 22.73 1009.75 -34.53
amogus 13076 992 22.73 1009.79 -34.62
amogus 13182 991 22.73 1009.80 -34.87
amogus 13290 990 22.73 1009.83 -33.85
amogus 13396 989 22.73 1009.71 -34.19
amogus 13503 988 22.73 1009.75 -33.59
amogus 13609 987 22.73 1009.68 -34.53
amogus 13717 986 22.73 1009.79 -34.44
amogus 13824 985 22.72 1009.78 -32.83
amogus 13930 983 22.73 1009.59 -35.22
amogus 14036 982 22.73 1009.87 -34.02
amogus 14144 981 22.72 1009.73 -33.76
amogus 14251 980 22.72 1009.70 -34.62
amogus 14357 979 22.73 1009.80 -33.94
amogus 14465 977 22.73 1009.72 -34.62
amogus 14571 976 22.73 1009.80 -34.19
amogus 14678 975 22.73 1009.75 -34.19
amogus 14784 973 22.73 1009.75 -34.19
amogus 14892 972 22.73 1009.75 -33.42
amogus 14998 971 22.72 1009.66 -34.28
amogus 15105 970 22.73 1009.76 -34.28
amogus 15212 968 22.73 1009.76 -34.62
amogus 15319 967 22.73 1009.80 -34.70
amogus 15425 966 22.74 1009.81 -34.79
amogus 15532 964 22.74 1009.82 -33.42
amogus 15639 963 22.72 1009.66 -35.05
amogus 15746 962 22.74 1009.85 -34.62
amogus 15852 960 22.73 1009.80 -34.28
amogus 15959 959 22.73 1009.76 -34.02
amogus 16066 958 22.74 1009.73 -33.17
amogus 16173 957 22.73 1009.63 -33.94
amogus 16279 956 22.73 1009.72 -34.62
amogus 16387 954 22.73 1009.80 -34.37
amogus 16493 954 22.74 1009.77 -34.62
amogus 16600 953 22.73 1009.80 -34.37
amogus 16706 951 22.74 1009.77 -34.28
amogus 16814 949 22.73 1009.76 -33.85
amogus 16920 947 22.73 1009.71 -34.70
amogus 17027 947 22.74 1009.81 -32.91
amogus 17134 945 22.73 1009.60 -34.19
amogus 17241 944 22.73 1009.75 -34.44
amogus 17347 943 22.72 1009.78 -33.17
amogus 17454 941 22.73 1009.63 -34.11
amogus 17561 940 22.74 1009.74 -34.28
amogus 17668 939 22.73 1009.76 -33.59
amogus 17774 937 22.73 1009.68 -34.28
amogus 17881 936 22.73 1009.76 -33.59
amogus 17988 935 22.73 1009.68 -34.28
amogus 18095 934 22.73 1009.76 -34.37
amogus 18201 932 22.74 1009.77 -34.79
amogus 18309 931 22.74 1009.82 -33.85
amogus 18415 930 22.73 1009.71 -33.26
amogus 18522 929 22.73 1009.64 -34.96
amogus 18628 927 22.73 1009.84 -33.76
amogus 18736 926 22.72 1009.70 -35.30
amogus 18842 925 22.73 1009.89 -34.28
amogus 18949 922 22.73 1009.76 -34.70
amogus 19056 919 22.74 1009.81 -34.19
amogus 19163 915 22.73 1009.75 -34.37
amogus 19269 912 22.74 1009.77 -33.51
amogus 19376 907 22.73 1009.67 -34.96
amogus 19483 902 22.73 1009.84 -34.19
amogus 19590 897 22.73 1009.75 -34.37
amogus 19696 892 22.74 1009.77 -34.70
amogus 19804 888 22.74 1009.81 -33.94
amogus 19910 882 22.73 1009.72 -33.42
amogus 20017 876 22.72 1009.66 -34.19
amogus 20123 871 22.73 1009.75 -34.70
amogus 20231 866 22.72 1009.81 -34.36
amogus 20337 860 22.72 1009.77 -33.59
amogus 20444 855 22.71 1009.68 -33.84
amogus 20550 849 22.71 1009.71 -34.52
amogus 20658 844 22.71 1009.79 -33.59
amogus 20764 839 22.71 1009.68 -34.61
amogus 20871 834 22.71 1009.80 -32.91
amogus 20978 828 22.71 1009.60 -34.52
amogus 21085 823 22.71 1009.79 -33.67
amogus 21191 818 22.72 1009.69 -33.25
amogus 21298 812 22.71 1009.64 -33.84
amogus 21405 808 22.71 1009.71 -33.93
amogus 21512 802 22.71 1009.72 -34.36
amogus 21618 797 22.72 1009.77 -33.93
amogus 21726 793 22.71 1009.72 -33.25
amogus 21832 788 22.71 1009.64 -35.37
amogus 21939 783 22.70 1009.89 -34.87
amogus 22045 778 22.71 1009.83 -34.27
amogus 22153 773 22.70 1009.76 -35.04
amogus 22259 769 22.70 1009.85 -34.61
amogus 22366 764 22.70 1009.80 -34.61
amogus 22472 760 22.70 1009.80 -35.29
amogus 22580 755 22.70 1009.88 -34.18
amogus 22686 751 22.69 1009.75 -34.18
amogus 22793 746 22.69 1009.75 -34.09
amogus 22900 742 22.69 1009.74 -34.95
amogus 23007 737 22.70 1009.84 -33.58
amogus 23113 734 22.70 1009.68 -34.27
amogus 23220 730 22.70 1009.76 -34.77
amogus 23327 725 22.69 1009.82 -34.27
amogus 23434 722 22.70 1009.76 -34.09
amogus 23540 717 22.69 1009.74 -33.92
amogus 23648 713 22.68 1009.72 -34.35
amogus 23754 709 22.68 1009.77 -34.60
amogus 23861 706 22.68 1009.80 -34.35
amogus 23967 702 22.68 1009.77 -33.66
amogus 24075 698 22.68 1009.69 -35.03
amogus 24181 694 22.68 1009.85 -33.83
amogus 24288 691 22.67 1009.71 -34.17
amogus 24394 687 22.67 1009.75 -35.11
amogus 24502 684 22.67 1009.86 -35.20
amogus 24608 681 22.67 1009.87 -34.51
amogus 24715 677 22.67 1009.79 -34.43
amogus 24822 674 22.67 1009.78 -34.94
amogus 24929 671 22.68 1009.84 -33.83
amogus 25035 667 22.67 1009.71 -33.58
amogus 25142 665 22.68 1009.68 -34.60
amogus 25249 661 22.68 1009.80 -33.66
amogus 25356 658 22.68 1009.69 -34.09
amogus 25462 655 22.69 1009.74 -35.12
amogus 25569 652 22.69 1009.86 -34.77
amogus 25676 649 22.69 1009.82 -33.66
amogus 25783 646 22.68 1009.69 -34.09
amogus 25889 643 22.69 1009.74 -34.35
amogus 25997 641 22.68 1009.77 -33.49
amogus 26103 638 22.67 1009.67 -34.69
amogus 26210 635 22.68 1009.81 -34.60
amogus 26316 632 22.68 1009.80 -34.26
amogus 26424 630 22.68 1009.76 -34.34
amogus 26530 627 22.67 1009.77 -33.75
amogus 26637 625 22.67 1009.70 -33.92
amogus 26744 622 22.68 1009.72 -34.51
amogus 26851 619 22.67 1009.79 -33.75
amogus 26957 617 22.67 1009.70 -33.75
amogus 27064 615 22.67 1009.70 -34.00
amogus 27171 612 22.67 1009.73 -34.00
amogus 27278 610 22.67 1009.73 -33.14
amogus 27384 608 22.66 1009.63 -33.91
amogus 27491 606 22.66 1009.72 -34.25
amogus 27598 604 22.66 1009.76 -34.76
amogus 27705 602 22.65 1009.82 -33.83
amogus 27811 599 22.66 1009.71 -35.11
amogus 27919 597 22.67 1009.86 -34.08
amogus 28025 595 22.65 1009.74 -35.02
amogus 28132 593 22.65 1009.85 -34.76
amogus 28238 592 22.65 1009.82 -34.59
amogus 28346 589 22.64 1009.80 -34.25
amogus 28452 587 22.64 1009.76 -33.31
amogus 28559 586 22.65 1009.65 -33.22
amogus 28666 584 22.64 1009.64 -34.00
amogus 28773 582 22.65 1009.73 -33.82
amogus 28879 580 22.64 1009.71 -33.82
amogus 28986 579 22.64 1009.71 -33.48
amogus 29093 577 22.64 1009.67 -34.59
amogus 29200 575 22.64 1009.80 -34.25
amogus 29306 574 22.64 1009.76 -34.25
amogus 29414 572 22.64 1009.76 -33.82
amogus 29520 570 22.64 1009.71 -33.91
amogus 29627 569 22.64 1009.72 -33.05
amogus 29733 567 22.63 1009.62 -34.50
amogus 29841 566 22.64 1009.79 -34.25
amogus 29947 564 22.64 1009.76 -34.00
amogus 30054 563 22.65 1009.73 -34.68
amogus 30160 561 22.65 1009.81 -34.34
amogus 30268 560 22.65 1009.77 -34.08
amogus 30374 558 22.65 1009.74 -34.76
amogus 30481 557 22.65 1009.82 -34.68
amogus 30588 556 22.65 1009.81 -34.25
amogus 30695 554 22.64 1009.76 -33.91
amogus 30801 553 22.64 1009.72 -35.02
amogus 30908 552 22.65 1009.85 -34.42
amogus 31015 551 22.65 1009.78 -33.91
amogus 31122 549 22.64 1009.72 -34.68
amogus 31228 548 22.65 1009.81 -34.34
amogus 31336 547 22.65 1009.77 -34.67
amogus 31442 546 22.63 1009.81 -34.42
amogus 31549 545 22.63 1009.78 -34.59
amogus 31655 543 22.63 1009.80 -34.50
amogus 31763 542 22.64 1009.79 -33.56
amogus 31869 541 22.63 1009.68 -34.07
amogus 31976 540 22.63 1009.74 -34.50
amogus 32083 539 22.62 1009.79 -34.33
amogus 32190 538 22.63 1009.77 -33.39
amogus 32296 537 22.62 1009.66 -34.41
amogus 32403 536 22.62 1009.78 -33.47
amogus 32510 535 22.62 1009.67 -34.24
amogus 32617 534 22.63 1009.76 -34.67
amogus 32723 533 22.61 1009.81 -34.67
amogus 32831 532 22.61 1009.81 -34.41
amogus 32937 531 22.62 1009.78 -33.64
amogus 33044 530 22.61 1009.69 -33.90
amogus 33150 529 22.61 1009.72 -34.06
amogus 33258 528 22.60 1009.74 -33.98
amogus 33364 527 22.61 1009.73 -34.49
amogus 33471 527 22.60 1009.79 -34.24
amogus 33577 526 22.61 1009.76 -33.21
amogus 33685 525 22.61 1009.64 -33.98
amogus 33792 525 22.61 1009.73 -33.55
amogus 33898 523 22.59 1009.68 -34.49
amogus 34006 523 22.60 1009.79 -34.32
amogus 34112 522 22.59 1009.77 -33.73
amogus 34219 521 22.60 1009.70 -34.41
amogus 34325 520 22.60 1009.78 -34.75
amogus 34433 520 22.60 1009.82 -34.14
amogus 34539 519 22.59 1009.75 -33.81
amogus 34646 518 22.59 1009.71 -33.64
amogus 34753 518 22.59 1009.69 -33.81
amogus 34860 517 22.59 1009.71 -34.14
amogus 34966 516 22.59 1009.75 -33.21
amogus 35073 515 22.59 1009.64 -34.06
amogus 35180 515 22.58 1009.74 -33.81
amogus 35287 513 22.59 1009.71 -34.23
amogus 35393 513 22.59 1009.76 -34.58
amogus 35500 513 22.59 1009.80 -35.42
amogus 35607 512 22.58 1009.90 -33.72
amogus 35714 512 22.58 1009.70 -34.74
amogus 35820 511 22.58 1009.82 -34.31
amogus 35928 510 22.58 1009.77 -33.71
amogus 36034 510 22.56 1009.70 -34.22
amogus 36141 509 22.57 1009.76 -33.79
amogus 36247 509 22.57 1009.71 -34.31
amogus 36355 508 22.56 1009.77 -34.74
amogus 36461 508 22.56 1009.82 -34.40
amogus 36568 507 22.56 1009.78 -34.05
amogus 36675 507 22.56 1009.74 -34.40
amogus 36782 506 22.56 1009.78 -34.57
amogus 36888 506 22.56 1009.80 -34.22
amogus 36995 505 22.56 1009.76 -33.45
amogus 37102 505 22.55 1009.66 -33.88
amogus 37209 504 22.56 1009.72 -33.97
amogus 37315 504 22.56 1009.73 -34.13
amogus 37422 503 22.55 1009.75 -34.39
amogus 37529 502 22.55 1009.78 -34.13
amogus 37636 502 22.55 1009.75 -34.22
amogus 37742 502 22.56 1009.76 -34.22
amogus 37850 502 22.54 1009.76 -34.05
amogus 37956 501 22.55 1009.74 -33.87
amogus 38063 500 22.54 1009.71 -33.96
amogus 38169 500 22.54 1009.73 -33.96
amogus 38277 499 22.54 1009.73 -33.36
amogus 38383 499 22.53 1009.65 -34.22
amogus 38490 499 22.54 1009.76 -33.53
amogus 38597 498 22.54 1009.67 -33.79
amogus 38704 497 22.53 1009.70 -34.04
amogus 38810 497 22.53 1009.73 -34.39
amogus 38917 497 22.53 1009.78 -34.56
amogus 39024 497 22.54 1009.80 -33.28
amogus 39131 496 22.54 1009.64 -33.02
amogus 39237 495 22.53 1009.61 -34.30
amogus 39345 496 22.52 1009.77 -33.70
amogus 39451 496 22.53 1009.69 -34.39
amogus 39558 495 22.53 1009.78 -34.30
amogus 39664 495 22.52 1009.77 -33.62
amogus 39772 495 22.52 1009.68 -34.12
amogus 39878 494 22.52 1009.74 -33.87
amogus 39985 494 22.52 1009.71 -34.21
amogus 40092 493 22.52 1009.75 -34.21
amogus 40199 493 22.52 1009.75 -34.21
amogus 40305 493 22.52 1009.75 -33.44
amogus 40412 493 22.52 1009.66 -33.87
amogus 40519 492 22.52 1009.71 -34.12
amogus 40626 492 22.52 1009.74 -32.67
amogus 40732 492 22.51 1009.57 -33.36
amogus 40839 492 22.51 1009.65 -34.04
amogus 40946 491 22.51 1009.73 -34.47
amogus 41053 491 22.52 1009.79 -34.63
amogus 41159 491 22.51 1009.81 -33.36
amogus 41267 491 22.51 1009.65 -33.52
amogus 41373 490 22.50 1009.67 -34.89
amogus 41480 490 22.50 1009.84 -34.20
amogus 41586 489 22.50 1009.75 -34.89
amogus 41694 489 22.50 1009.84 -33.86
amogus 41800 489 22.50 1009.71 -35.23
amogus 41907 489 22.50 1009.88 -34.46
amogus 42014 489 22.50 1009.78 -34.03
amogus 42121 489 22.49 1009.73 -33.27
amogus 42227 488 22.49 1009.64 -33.43
amogus 42334 488 22.48 1009.66 -33.60
amogus 42441 488 22.49 1009.68 -34.46
amogus 42548 488 22.50 1009.78 -34.03
amogus 42654 488 22.49 1009.73 -33.60
amogus 42761 487 22.49 1009.68 -33.60
amogus 42868 487 22.49 1009.68 -33.86
amogus 42975 487 22.48 1009.71 -34.29
amogus 43081 487 22.49 1009.76 -33.52
amogus 43189 486 22.48 1009.67 -33.60
amogus 43295 486 22.49 1009.68 -34.20
amogus 43402 486 22.48 1009.75 -34.71
amogus 43508 486 22.48 1009.81 -34.03
amogus 43616 485 22.48 1009.73 -33.35
amogus 43722 485 22.48 1009.65 -34.03
amogus 43829 485 22.48 1009.73 -34.62
amogus 43935 485 22.47 1009.80 -33.42
amogus 44043 485 22.46 1009.66 -35.05
amogus 44149 485 22.48 1009.86 -33.77
amogus 44256 484 22.46 1009.70 -34.11
amogus 44363 485 22.46 1009.74 -33.77
amogus 44470 484 22.46 1009.70 -34.19
amogus 44576 484 22.47 1009.75 -33.77
amogus 44683 484 22.46 1009.70 -34.03
amogus 44790 484 22.48 1009.73 -34.62
amogus 44897 483 22.47 1009.80 -33.51
amogus 45003 483 22.47 1009.67 -33.51
amogus 45110 483 22.47 1009.67 -33.77
amogus 45217 483 22.46 1009.70 -33.94
amogus 45324 483 22.47 1009.72 -33.85
amogus 45430 483 22.47 1009.71 -34.19
amogus 45538 483 22.47 1009.75 -33.51
amogus 45644 482 22.45 1009.67 -33.42
amogus 45751 482 22.46 1009.66 -33.00
amogus 45857 483 22.46 1009.61 -34.44
amogus 45965 482 22.44 1009.78 -34.19
amogus 46071 482 22.45 1009.75 -34.19
amogus 46178 482 22.45 1009.75 -34.79
amogus 46285 482 22.44 1009.82 -34.10
amogus 46392 482 22.44 1009.74 -33.76
amogus 46498 482 22.44 1009.70 -33.51
amogus 46605 481 22.45 1009.67 -34.62
amogus 46712 481 22.45 1009.80 -33.68
amogus 46819 481 22.46 1009.69 -34.37
amogus 46925 481 22.46 1009.77 -34.70
amogus 47032 481 22.46 1009.81 -34.19
amogus 47139 481 22.45 1009.75 -33.59
amogus 47246 481 22.45 1009.68 -33.85
amogus 47352 481 22.45 1009.71 -33.59
amogus 47460 481 22.45 1009.68 -33.51
amogus 47566 480 22.45 1009.67 -34.37
amogus 47673 480 22.46 1009.77 -33.00
amogus 47779 480 22.46 1009.61 -34.28
amogus 47887 480 22.45 1009.76 -33.42
amogus 47993 480 22.44 1009.66 -33.85
amogus 48100 480 22.45 1009.71 -33.76
amogus 48207 480 22.44 1009.70 -34.10
amogus 48314 480 22.44 1009.74 -34.35
amogus 48420 479 22.44 1009.77 -34.01
amogus 48527 480 22.44 1009.73 -34.01
amogus 48634 480 22.44 1009.73 -34.44
amogus 48741 479 22.43 1009.78 -34.61
amogus 48847 479 22.44 1009.80 -34.27
amogus 48955 479 22.44 1009.76 -34.52
amogus 49061 479 22.43 1009.79 -33.16
amogus 49168 479 22.43 1009.63 -35.04
amogus 49274 479 22.44 1009.85 -33.67
amogus 49382 479 22.42 1009.69 -33.84
amogus 49488 479 22.43 1009.71 -34.01
amogus 49595 479 22.42 1009.73 -33.67
amogus 49701 479 22.42 1009.69 -33.58
amogus 49809 479 22.42 1009.68 -33.16
amogus 49915 478 22.41 1009.63 -34.35
amogus 50022 479 22.42 1009.77 -34.18
amogus 50129 478 22.41 1009.75 -34.27
amogus 50236 478 22.42 1009.76 -34.86
amogus 50342 478 22.41 1009.83 -33.49
amogus 50449 478 22.41 1009.67 -33.75
amogus 50556 478 22.41 1009.70 -34.34
amogus 50663 478 22.40 1009.77 -34.77
amogus 50769 478 22.41 1009.82 -34.69
amogus 50877 478 22.40 1009.81 -35.12
amogus 50983 478 22.41 1009.86 -34.09
amogus 51090 478 22.41 1009.74 -33.23
amogus 51196 477 22.40 1009.64 -35.71
amogus 51304 478 22.40 1009.93 -34.43
amogus 51410 477 22.39 1009.78 -35.20
amogus 51517 477 22.40 1009.87 -34.51
amogus 51623 477 22.40 1009.79 -34.34
amogus 51731 477 22.39 1009.77 -34.60
amogus 51837 477 22.40 1009.80 -34.60
amogus 51944 477 22.40 1009.80 -34.00
amogus 52051 477 22.40 1009.73 -33.23
amogus 52158 477 22.40 1009.64 -34.00
amogus 52264 477 22.39 1009.73 -34.17
amogus 52371 477 22.40 1009.75 -34.26
amogus 52478 477 22.40 1009.76 -34.34
amogus 52585 477 22.39 1009.77 -33.31
amogus 52691 476 22.39 1009.65 -33.83
amogus 52798 476 22.38 1009.71 -34.94
amogus 52905 476 22.38 1009.84 -33.48
amogus 53012 477 22.38 1009.67 -33.83
amogus 53118 477 22.38 1009.71 -34.85
amogus 53226 477 22.38 1009.83 -34.85
amogus 53332 477 22.38 1009.83 -34.85
amogus 53439 476 22.38 1009.83 -34.08
amogus 53545 477 22.37 1009.74 -34.33
amogus 53653 476 22.37 1009.77 -33.99
amogus 53760 476 22.37 1009.73 -33.56
amogus 53866 476 22.36 1009.68 -33.99
amogus 53974 476 22.37 1009.73 -34.50
amogus 54080 476 22.36 1009.79 -33.31
amogus 54187 476 22.37 1009.65 -33.22
amogus 54293 476 22.36 1009.64 -34.50
amogus 54401 476 22.36 1009.79 -34.50
amogus 54507 476 22.36 1009.79 -32.80
amogus 54614 476 22.36 1009.59 -33.82
amogus 54720 476 22.36 1009.71 -33.39
amogus 54828 476 22.36 1009.66 -33.82
amogus 54934 476 22.36 1009.71 -34.07
amogus 55041 475 22.36 1009.74 -34.84
amogus 55148 475 22.36 1009.83 -34.84
amogus 55255 475 22.36 1009.83 -34.25
amogus 55361 476 22.36 1009.76 -34.59
amogus 55468 475 22.36 1009.80 -34.25
amogus 55575 475 22.36 1009.76 -33.99
amogus 55682 476 22.37 1009.73 -33.82
amogus 55788 475 22.36 1009.71 -33.91
amogus 55896 475 22.36 1009.72 -34.42
amogus 56002 475 22.36 1009.78 -33.73
amogus 56109 475 22.36 1009.70 -33.30
amogus 56215 475 22.35 1009.65 -33.82
amogus 56323 476 22.36 1009.71 -33.47
amogus 56429 475 22.34 1009.67 -34.33
amogus 56536 475 22.35 1009.77 -33.47
amogus 56643 475 22.34 1009.67 -33.13
amogus 56750 475 22.34 1009.63 -34.58
amogus 56856 475 22.35 1009.80 -34.24
amogus 56963 475 22.35 1009.76 -33.47
amogus 57070 475 22.34 1009.67 -34.84
amogus 57177 475 22.34 1009.83 -34.50
amogus 57283 475 22.34 1009.79 -34.41
amogus 57390 475 22.34 1009.78 -34.41
amogus 57497 475 22.34 1009.78 -34.32
amogus 57604 475 22.33 1009.77 -34.75
amogus 57710 475 22.34 1009.82 -35.26
amogus 57818 474 22.33 1009.88 -34.75
amogus 57924 475 22.34 1009.82 -34.23
amogus 58031 475 22.33 1009.76 -34.15
amogus 58137 474 22.34 1009.75 -34.50
amogus 58245 475 22.34 1009.79 -34.15
amogus 58351 475 22.34 1009.75 -33.38
amogus 58458 475 22.34 1009.66 -34.24
amogus 58565 475 22.35 1009.76 -32.45
amogus 58672 475 22.34 1009.54 -34.93
amogus 58778 475 22.35 1009.84 -34.15
amogus 58885 475 22.34 1009.75 -33.56
amogus 58992 475 22.35 1009.68 -34.07
amogus 59099 474 22.36 1009.74 -34.24
amogus 59205 474 22.35 1009.76 -34.24
amogus 59313 474 22.35 1009.76 -34.24
amogus 59419 475 22.35 1009.76 -33.81
amogus 59526 474 22.34 1009.71 -34.24
amogus 59632 475 22.35 1009.76 -34.75
amogus 59740 475 22.34 1009.82 -34.32
amogus 59846 475 22.33 1009.77 -33.98
amogus 59953 475 22.33 1009.73 -34.50
amogus 60060 475 22.34 1009.79 -34.75
amogus 60167 475 22.34 1009.82 -34.75
amogus 60273 475 22.34 1009.82 -34.23
amogus 60380 475 22.33 1009.76 -34.58
amogus 60487 475 22.33 1009.80 -34.92
amogus 60594 474 22.33 1009.84 -34.58
amogus 60700 475 22.33 1009.80 -34.58
amogus 60807 474 22.33 1009.80 -34.84
amogus 60914 474 22.34 1009.83 -34.32
amogus 61021 474 22.33 1009.77 -34.50
amogus 61127 474 22.34 1009.79 -34.32
amogus 61235 475 22.33 1009.77 -33.38
amogus 61341 474 22.34 1009.66 -33.38
amogus 61448 474 22.34 1009.66 -34.66
amogus 61554 475 22.33 1009.81 -35.18
amogus 61662 474 22.34 1009.87 -34.58
amogus 61768 474 22.33 1009.80 -35.26
amogus 61875 474 22.33 1009.88 -33.81
amogus 61982 475 22.33 1009.71 -34.83
amogus 62089 474 22.33 1009.83 -34.15
amogus 62195 474 22.33 1009.75 -33.90
amogus 62302 474 22.33 1009.72 -34.06
amogus 62409 474 22.32 1009.74 -33.04
amogus 62516 474 22.32 1009.61 -34.41
amogus 62622 474 22.32 1009.78 -34.92
amogus 62730 474 22.33 1009.84 -34.41
amogus 62836 474 22.32 1009.78 -34.49
amogus 62943 474 22.33 1009.79 -34.41
amogus 63049 474 22.32 1009.78 -33.97
amogus 63157 474 22.32 1009.73 -33.81
amogus 63263 475 22.33 1009.71 -33.72
amogus 63370 474 22.32 1009.70 -34.15
amogus 63476 474 22.33 1009.75 -33.63
amogus 63584 474 22.32 1009.69 -34.32
amogus 63690 474 22.32 1009.77 -34.32
amogus 63797 474 22.32 1009.77 -34.23
amogus 63904 474 22.31 1009.76 -34.05
amogus 64011 474 22.30 1009.74 -33.55
amogus 64117 474 22.31 1009.68 -34.05
amogus 64225 474 22.30 1009.74 -33.72
amogus 64331 474 22.30 1009.70 -33.72
amogus 64438 474 22.30 1009.70 -33.97
amogus 64544 474 22.30 1009.73 -34.65
amogus 64652 474 22.30 1009.81 -34.05
amogus 64758 474 22.30 1009.74 -34.83
amogus 64865 474 22.31 1009.83 -35.00
amogus 64971 474 22.32 1009.85 -34.14
amogus 65079 474 22.31 1009.75 -35.00
amogus 65185 474 22.32 1009.85 -33.37
amogus 65292 474 22.30 1009.65 -34.49
amogus 65399 474 22.31 1009.79 -34.66
amogus 65506 474 22.32 1009.81 -34.83
amogus 65612 474 22.31 1009.83 -34.23
amogus 65719 473 22.31 1009.76 -34.66
amogus 65826 474 22.32 1009.81 -34.05
amogus 65933 474 22.30 1009.74 -34.74
amogus 66039 474 22.30 1009.82 -34.14
amogus 66146 474 22.31 1009.75 -34.23
amogus 66253 474 22.31 1009.76 -33.37
amogus 66360 473 22.30 1009.65 -33.97
amogus 66466 474 22.30 1009.73 -33.72
amogus 66574 474 22.30 1009.70 -34.31
amogus 66680 474 22.30 1009.77 -34.48
amogus 66787 474 22.29 1009.79 -34.48
amogus 66893 473 22.29 1009.79 -34.05
amogus 67001 474 22.29 1009.74 -34.73
amogus 67107 474 22.29 1009.82 -34.48
amogus 67214 473 22.29 1009.79 -34.48
amogus 67321 473 22.29 1009.79 -35.16
amogus 67428 473 22.29 1009.87 -34.73
amogus 67534 474 22.29 1009.82 -33.96
amogus 67641 474 22.28 1009.73 -35.16
amogus 67748 473 22.29 1009.87 -34.39
amogus 67855 473 22.29 1009.78 -34.48
amogus 67961 473 22.29 1009.79 -33.79
amogus 68068 473 22.29 1009.71 -35.16
amogus 68175 474 22.29 1009.87 -34.14
amogus 68282 473 22.29 1009.75 -34.91
amogus 68388 473 22.29 1009.84 -34.05
amogus 68496 473 22.29 1009.74 -34.48
amogus 68602 473 22.29 1009.79 -34.22
amogus 68709 474 22.29 1009.76 -33.97
amogus 68815 474 22.30 1009.73 -34.73
amogus 68923 474 22.29 1009.82 -33.37
amogus 69029 473 22.29 1009.65 -34.39
amogus 69136 474 22.29 1009.78 -35.07
amogus 69243 474 22.29 1009.86 -34.56
amogus 69350 474 22.28 1009.80 -34.22
amogus 69456 474 22.28 1009.76 -34.31
amogus 69563 473 22.28 1009.77 -34.13
amogus 69670 473 22.27 1009.75 -34.56
amogus 69777 474 22.28 1009.80 -34.31
amogus 69883 473 22.28 1009.77 -34.22
amogus 69991 473 22.28 1009.76 -34.13
amogus 70097 474 22.27 1009.75 -33.96
amogus 70204 473 22.28 1009.73 -33.87
amogus 70310 474 22.28 1009.71 -34.22
amogus 70418 474 22.28 1009.76 -34.81
amogus 70524 473 22.27 1009.83 -34.04
amogus 70631 473 22.27 1009.73 -34.81
amogus 70737 474 22.27 1009.83 -34.47
amogus 70845 473 22.27 1009.79 -34.72
amogus 70951 474 22.27 1009.82 -35.07
amogus 71058 474 22.27 1009.86 -34.72
amogus 71165 473 22.27 1009.82 -33.95
amogus 71272 474 22.26 1009.72 -34.30
amogus 71378 473 22.26 1009.77 -34.21
amogus 71485 474 22.26 1009.76 -33.27
amogus 71592 474 22.26 1009.64 -33.95
amogus 71699 473 22.26 1009.72 -34.30
amogus 71805 473 22.26 1009.77 -33.95
amogus 71913 474 22.26 1009.72 -34.04
amogus 72019 473 22.27 1009.73 -34.39
amogus 72126 474 22.27 1009.78 -33.27
amogus 72232 473 22.26 1009.64 -33.45
amogus 72340 473 22.27 1009.66 -34.31
amogus 72446 473 22.28 1009.77 -33.54
amogus 72553 473 22.28 1009.67 -34.13
amogus 72660 474 22.27 1009.75 -34.81
amogus 72767 474 22.27 1009.83 -34.30
amogus 72873 473 22.26 1009.77 -33.36
amogus 72980 473 22.27 1009.65 -34.64
amogus 73088 474 22.26 1009.81 -33.62
amogus 73194 474 22.26 1009.68 -34.81
amogus 73300 474 22.27 1009.83 -34.64
amogus 73408 474 22.26 1009.81 -34.04
amogus 73515 474 22.27 1009.73 -34.21
amogus 73621 474 22.26 1009.76 -33.95
amogus 73728 474 22.26 1009.72 -34.64
amogus 73835 474 22.26 1009.81 -33.45
amogus 73942 474 22.27 1009.66 -33.62
amogus 74048 474 22.26 1009.68 -34.72
amogus 74156 473 22.27 1009.82 -34.64
amogus 74262 474 22.26 1009.81 -34.72
amogus 74369 474 22.27 1009.82 -34.39
amogus 74475 474 22.27 1009.78 -34.72
amogus 74583 473 22.27 1009.82 -33.27
amogus 74689 473 22.26 1009.64 -34.56
amogus 74796 474 22.26 1009.80 -33.19
amogus 74902 473 22.26 1009.63 -33.87
amogus 75010 474 22.26 1009.71 -34.47
amogus 75116 473 22.25 1009.79 -33.95
amogus 75223 474 22.26 1009.72 -34.47
amogus 75330 474 22.25 1009.79 -34.56
amogus 75437 473 22.26 1009.80 -34.47
amogus 75543 474 22.25 1009.79 -33.95
amogus 75650 473 22.26 1009.72 -34.12
amogus 75757 474 22.25 1009.74 -34.30
amogus 75864 473 22.26 1009.77 -34.64
amogus 75970 474 22.26 1009.81 -34.72
amogus 76078 473 22.27 1009.82 -33.78
amogus 76184 473 22.25 1009.70 -34.56
amogus 76291 473 22.26 1009.80 -34.81
amogus 76397 473 22.25 1009.83 -34.81
amogus 76505 473 22.25 1009.83 -34.21
amogus 76611 473 22.26 1009.76 -34.30
amogus 76718 473 22.26 1009.77 -34.38
amogus 76825 474 22.25 1009.78 -34.38
amogus 76932 474 22.25 1009.78 -33.95
amogus 77038 474 22.25 1009.72 -34.63
amogus 77145 474 22.25 1009.81 -34.47
amogus 77252 474 22.25 1009.79 -33.61
amogus 77359 474 22.25 1009.68 -34.72
amogus 77465 474 22.25 1009.82 -33.86
amogus 77572 474 22.24 1009.71 -32.59
amogus 77679 474 22.25 1009.56 -34.30
amogus 77786 473 22.25 1009.76 -34.63
amogus 77892 474 22.25 1009.81 -33.95
amogus 78000 474 22.25 1009.72 -34.38
amogus 78106 473 22.25 1009.78 -34.21
amogus 78213 473 22.24 1009.75 -33.95
amogus 78319 473 22.25 1009.72 -34.47
amogus 78427 473 22.25 1009.79 -33.78
amogus 78533 473 22.25 1009.70 -34.47
amogus 78640 474 22.25 1009.79 -33.44
amogus 78747 473 22.25 1009.66 -34.12
amogus 78854 474 22.25 1009.74 -33.69
amogus 78960 473 22.25 1009.69 -33.78
amogus 79067 473 22.25 1009.70 -34.30
amogus 79174 473 22.25 1009.76 -34.30
amogus 79281 473 22.25 1009.76 -34.97
amogus 79387 473 22.25 1009.85 -34.63
amogus 79495 473 22.25 1009.81 -34.21
amogus 79601 474 22.24 1009.75 -33.44
amogus 79708 473 22.24 1009.66 -34.21
amogus 79814 473 22.24 1009.75 -34.46
amogus 79922 474 22.24 1009.78 -34.12
amogus 80028 473 22.24 1009.74 -34.12
amogus 80135 473 22.24 1009.74 -34.12
amogus 80242 474 22.24 1009.74 -35.40
amogus 80349 474 22.23 1009.90 -34.38
amogus 80455 473 22.23 1009.77 -33.52
amogus 80562 473 22.22 1009.67 -33.86
amogus 80669 473 22.22 1009.71 -34.38
amogus 80776 473 22.23 1009.77 -34.03
amogus 80882 473 22.23 1009.73 -34.12
amogus 80990 474 22.24 1009.74 -33.95
amogus 81096 473 22.23 1009.72 -34.80
amogus 81203 473 22.24 1009.83 -34.55
amogus 81309 473 22.24 1009.80 -33.77
amogus 81417 473 22.24 1009.70 -34.21
amogus 81523 474 22.24 1009.75 -33.44
amogus 81630 474 22.24 1009.66 -33.53
amogus 81736 474 22.24 1009.67 -34.38
amogus 81844 474 22.23 1009.77 -34.03
amogus 81950 473 22.23 1009.73 -34.63
amogus 82057 473 22.23 1009.80 -33.44
amogus 82164 473 22.24 1009.66 -34.29
amogus 82271 473 22.23 1009.76 -34.12
amogus 82377 473 22.24 1009.74 -34.46
amogus 82484 473 22.24 1009.78 -34.80
amogus 82591 473 22.24 1009.83 -34.03
amogus 82698 473 22.23 1009.73 -34.38
amogus 82804 473 22.23 1009.77 -33.95
amogus 82912 473 22.23 1009.72 -34.71
amogus 83018 473 22.23 1009.82 -34.71
amogus 83125 473 22.23 1009.82 -33.60
amogus 83231 473 22.23 1009.68 -33.77
amogus 83339 473 22.22 1009.70 -33.86
amogus 83445 473 22.22 1009.71 -34.55
amogus 83552 473 22.22 1009.79 -34.55
amogus 83659 473 22.22 1009.79 -34.46
amogus 83766 473 22.22 1009.78 -33.52
amogus 83872 473 22.22 1009.67 -34.20
amogus 83979 473 22.22 1009.75 -34.03
amogus 84086 473 22.23 1009.73 -33.95
amogus 84193 473 22.23 1009.72 -33.95
amogus 84299 473 22.23 1009.72 -33.95
amogus 84407 473 22.23 1009.72 -34.12
amogus 84513 473 22.24 1009.74 -34.12
amogus 84620 473 22.24 1009.74 -34.38
amogus 84726 473 22.23 1009.77 -33.77
amogus 84834 473 22.24 1009.70 -34.80
amogus 84940 473 22.24 1009.83 -34.03
amogus 85047 473 22.23 1009.73 -34.46
amogus 85153 473 22.24 1009.78 -34.80
amogus 85261 473 22.24 1009.83 -34.03
amogus 85367 473 22.23 1009.73 -34.03
amogus 85474 473 22.23 1009.73 -34.29
amogus 85581 473 22.23 1009.76 -34.80
amogus 85688 473 22.24 1009.83 -33.52
amogus 85794 473 22.22 1009.67 -34.38
amogus 85901 473 22.23 1009.77 -33.43
amogus 86008 473 22.22 1009.66 -33.69
amogus 86115 473 22.23 1009.69 -34.03
amogus 86221 474 22.23 1009.73 -34.12
amogus 86329 473 22.24 1009.74 -34.71
amogus 86435 473 22.23 1009.82 -34.46
amogus 86542 473 22.24 1009.78 -35.48
amogus 86648 473 22.24 1009.91 -34.63
amogus 86756 473 22.23 1009.80 -34.63
amogus 86862 473 22.23 1009.80 -33.95
amogus 86969 473 22.23 1009.72 -34.71
amogus 87076 474 22.23 1009.82 -34.63
amogus 87183 473 22.23 1009.80 -33.95
amogus 87289 473 22.23 1009.72 -35.06
amogus 87396 473 22.23 1009.86 -34.97
amogus 87503 473 22.23 1009.85 -34.03
amogus 87610 473 22.23 1009.73 -34.63
amogus 87716 473 22.23 1009.80 -34.12
amogus 87823 473 22.24 1009.74 -33.60
amogus 87930 473 22.23 1009.68 -34.55
amogus 88037 473 22.22 1009.79 -33.86
amogus 88143 473 22.22 1009.71 -34.46
amogus 88251 473 22.22 1009.78 -33.43
amogus 88357 473 22.22 1009.66 -34.62
amogus 88464 473 22.21 1009.80 -34.11
amogus 88570 473 22.22 1009.74 -33.68
amogus 88678 473 22.21 1009.69 -34.46
amogus 88784 473 22.22 1009.78 -34.46
amogus 88891 473 22.22 1009.78 -34.80
amogus 88998 473 22.22 1009.82 -33.43
amogus 89105 473 22.22 1009.66 -33.43
amogus 89211 473 22.22 1009.66 -34.20
amogus 89318 473 22.22 1009.75 -34.37
amogus 89425 473 22.21 1009.77 -34.11
amogus 89532 473 22.22 1009.74 -34.37
amogus 89638 473 22.21 1009.77 -34.46
amogus 89746 473 22.22 1009.78 -34.55
amogus 89852 473 22.22 1009.79 -34.20
amogus 89959 473 22.22 1009.75 -34.29
amogus 90065 473 22.23 1009.76 -34.88
amogus 90173 473 22.22 1009.84 -33.86
amogus 90279 473 22.22 1009.71 -34.03
amogus 90386 473 22.23 1009.73 -34.63
amogus 90492 473 22.23 1009.80 -33.86
amogus 90600 473 22.22 1009.71 -33.95
amogus 90706 473 22.23 1009.72 -34.71
amogus 90813 473 22.23 1009.82 -34.71
amogus 90920 473 22.23 1009.82 -34.29
amogus 91027 473 22.23 1009.76 -34.29
amogus 91133 472 22.23 1009.76 -34.29
amogus 91240 473 22.23 1009.76 -33.95
amogus 91347 473 22.23 1009.72 -34.46
amogus 91454 473 22.22 1009.78 -34.11
amogus 91560 473 22.22 1009.74 -33.94
amogus 91668 473 22.21 1009.72 -34.37
amogus 91774 472 22.21 1009.77 -34.03
amogus 91881 473 22.21 1009.73 -33.68
amogus 91987 473 22.21 1009.69 -34.11
amogus 92095 472 22.22 1009.74 -34.97
amogus 92201 473 22.23 1009.85 -34.80
amogus 92308 473 22.22 1009.82 -34.46
amogus 92416 472 22.22 1009.78 -34.20
amogus 92522 473 22.22 1009.75 -33.60
amogus 92628 473 22.23 1009.68 -34.55
amogus 92735 473 22.22 1009.79 -34.20
amogus 92843 473 22.22 1009.75 -33.86
amogus 92949 473 22.22 1009.71 -34.11
amogus 93056 473 22.22 1009.74 -34.20
amogus 93163 473 22.22 1009.75 -33.77
amogus 93270 473 22.22 1009.70 -33.52
amogus 93376 472 22.22 1009.67 -34.63
amogus 93483 473 22.23 1009.80 -34.46
amogus 93590 473 22.22 1009.78 -33.86
amogus 93697 473 22.22 1009.71 -34.11
amogus 93803 473 22.22 1009.74 -34.37
amogus 93910 473 22.21 1009.77 -34.97
amogus 94017 473 22.23 1009.85 -35.14
amogus 94124 473 22.22 1009.87 -34.03
amogus 94230 473 22.21 1009.73 -34.80
amogus 94338 473 22.22 1009.82 -33.86
amogus 94444 472 22.22 1009.71 -34.55
amogus 94551 472 22.22 1009.79 -33.86
amogus 94657 473 22.22 1009.71 -34.20
amogus 94765 473 22.22 1009.75 -34.63
amogus 94871 472 22.23 1009.80 -34.20
amogus 94978 473 22.22 1009.75 -34.88
amogus 95085 473 22.22 1009.84 -34.97
amogus 95192 473 22.23 1009.85 -34.71
amogus 95298 472 22.23 1009.82 -33.60
amogus 95405 472 22.23 1009.68 -33.77
amogus 95512 472 22.22 1009.70 -35.14
amogus 95619 473 22.24 1009.87 -33.60
amogus 95725 472 22.23 1009.68 -34.71
amogus 95833 472 22.23 1009.82 -33.95
amogus 95939 472 22.23 1009.72 -33.43
amogus 96046 472 22.22 1009.66 -34.03
amogus 96152 472 22.23 1009.73 -33.95
amogus 96260 472 22.23 1009.72 -33.95
amogus 96366 472 22.23 1009.72 -33.95
amogus 96473 472 22.23 1009.72 -34.80
amogus 96579 472 22.24 1009.83 -35.06
amogus 96687 472 22.23 1009.86 -34.29
amogus 96793 472 22.23 1009.76 -34.63
amogus 96900 472 22.23 1009.80 -34.29
amogus 97007 472 22.23 1009.76 -34.71
amogus 97114 472 22.23 1009.82 -34.88
amogus 97220 472 22.22 1009.84 -34.46
amogus 97327 472 22.22 1009.78 -33.68
amogus 97434 472 22.21 1009.69 -34.03
