amogus 1012 496 0.00 0.00 1505.53
amogus 1119 496 23.70 838.69 -34.16
amogus 1225 496 21.67 1009.75 -34.68
amogus 1332 496 21.68 1009.81 -34.51
amogus 1439 496 21.67 1009.79 -34.16
amogus 1546 496 21.67 1009.75 -34.00
amogus 1652 496 21.68 1009.73 -33.23
amogus 1759 496 21.67 1009.64 -34.00
amogus 1866 496 21.68 1009.73 -33.23
amogus 1973 496 21.67 1009.64 -34.09
amogus 2079 496 21.68 1009.74 -34.00
amogus 2186 496 21.68 1009.73 -34.77
amogus 2292 496 21.68 1009.82 -33.92
amogus 2400 496 21.67 1009.72 -34.00
amogus 2506 496 21.68 1009.73 -33.57
amogus 2613 496 21.67 1009.68 -34.09
amogus 2719 496 21.68 1009.74 -33.75
amogus 2827 496 21.68 1009.70 -34.60
amogus 2933 496 21.69 1009.80 -33.66
amogus 3040 496 21.68 1009.69 -33.66
amogus 3146 496 21.68 1009.69 -33.75
amogus 3254 496 21.68 1009.70 -34.18
amogus 3360 496 21.68 1009.75 -33.49
amogus 3467 496 21.68 1009.67 -33.40
amogus 3573 496 21.68 1009.66 -34.43
amogus 3680 496 21.68 1009.78 -33.58
amogus 3787 496 21.69 1009.68 -34.09
amogus 3894 496 21.68 1009.74 -34.52
amogus 4000 496 21.68 1009.79 -34.09
amogus 4107 498 21.68 1009.74 -34.09
amogus 4214 502 21.68 1009.74 -34.27
amogus 4321 512 21.69 1009.76 -33.83
amogus 4427 526 21.68 1009.71 -34.18
amogus 4534 540 21.68 1009.75 -34.01
amogus 4641 554 21.69 1009.73 -33.92
amogus 4748 565 21.69 1009.72 -33.75
amogus 4854 576 21.68 1009.70 -33.40
amogus 4961 589 21.68 1009.66 -34.18
amogus 5067 600 21.68 1009.75 -34.09
amogus 5175 607 21.68 1009.74 -33.83
amogus 5281 612 21.68 1009.71 -34.09
amogus 5388 615 21.68 1009.74 -33.75
amogus 5494 616 21.68 1009.70 -33.75
amogus 5602 617 21.68 1009.70 -33.49
amogus 5708 618 21.68 1009.67 -33.75
amogus 5815 618 21.68 1009.70 -34.43
amogus 5921 618 21.68 1009.78 -34.09
amogus 6029 618 21.68 1009.74 -33.58
amogus 6135 617 21.69 1009.68 -34.01
amogus 6242 617 21.69 1009.73 -33.92
amogus 6348 617 21.69 1009.72 -33.24
amogus 6455 617 21.69 1009.64 -33.92
amogus 6562 618 21.69 1009.72 -34.35
amogus 6669 618 21.69 1009.77 -33.49
amogus 6775 618 21.68 1009.67 -33.92
amogus 6882 620 21.69 1009.72 -33.75
amogus 6989 620 21.70 1009.70 -34.27
amogus 7096 621 21.69 1009.76 -34.60
amogus 7202 624 21.69 1009.80 -34.09
amogus 7309 629 21.68 1009.74 -33.75
amogus 7416 633 21.68 1009.70 -33.40
amogus 7523 639 21.68 1009.66 -33.92
amogus 7629 645 21.69 1009.72 -33.40
amogus 7736 652 21.68 1009.66 -33.92
amogus 7842 658 21.69 1009.72 -34.60
amogus 7950 665 21.69 1009.80 -34.09
amogus 8056 671 21.68 1009.74 -34.77
amogus 8163 678 21.68 1009.82 -34.60
amogus 8269 684 21.69 1009.80 -34.18
amogus 8377 689 21.68 1009.75 -33.83
amogus 8483 693 21.68 1009.71 -33.75
amogus 8590 696 21.68 1009.70 -33.92
amogus 8696 701 21.69 1009.72 -34.69
amogus 8804 704 21.69 1009.81 -33.75
amogus 8910 708 21.68 1009.70 -34.35
amogus 9017 710 21.69 1009.77 -33.58
amogus 9123 712 21.69 1009.68 -33.92
amogus 9230 714 21.69 1009.72 -33.92
amogus 9337 717 21.69 1009.72 -34.01
amogus 9444 721 21.69 1009.73 -33.92
amogus 9550 725 21.69 1009.72 -34.43
amogus 9657 729 21.70 1009.78 -34.01
amogus 9764 732 21.69 1009.73 -33.92
amogus 9871 736 21.69 1009.72 -33.58
amogus 9977 738 21.69 1009.68 -33.75
amogus 10084 741 21.70 1009.70 -33.58
amogus 10191 743 21.69 1009.68 -33.67
amogus 10298 745 21.69 1009.69 -33.58
amogus 10404 746 21.69 1009.68 -34.01
amogus 10511 748 21.69 1009.73 -33.58
amogus 10618 748 21.69 1009.68 -33.92
amogus 10725 747 21.69 1009.72 -34.01
amogus 10831 746 21.69 1009.73 -33.58
amogus 10939 746 21.69 1009.68 -34.43
amogus 11045 747 21.70 1009.78 -35.12
amogus 11152 750 21.70 1009.86 -33.33
amogus 11258 752 21.69 1009.65 -34.10
amogus 11366 753 21.70 1009.74 -34.10
amogus 11472 753 21.70 1009.74 -33.67
amogus 11579 751 21.69 1009.69 -33.75
amogus 11685 749 21.70 1009.70 -33.67
amogus 11793 745 21.69 1009.69 -33.50
amogus 11899 741 21.70 1009.67 -33.41
amogus 12006 737 21.70 1009.66 -33.84
amogus 12113 734 21.70 1009.71 -33.16
amogus 12220 731 21.70 1009.63 -33.75
amogus 12326 729 21.70 1009.70 -34.01
amogus 12433 727 21.69 1009.73 -34.01
amogus 12540 725 21.69 1009.73 -34.43
amogus 12647 724 21.70 1009.78 -33.75
amogus 12753 721 21.70 1009.70 -33.41
amogus 12860 719 21.70 1009.66 -34.43
amogus 12967 717 21.70 1009.78 -34.43
amogus 13074 715 21.70 1009.78 -34.35
amogus 13180 713 21.69 1009.77 -33.50
amogus 13288 710 21.70 1009.67 -34.43
amogus 13394 708 21.70 1009.78 -33.58
amogus 13501 706 21.69 1009.68 -34.43
amogus 13607 703 21.70 1009.78 -33.67
amogus 13715 701 21.69 1009.69 -34.10
amogus 13821 699 21.70 1009.74 -34.52
amogus 13928 696 21.70 1009.79 -33.75
amogus 14034 694 21.70 1009.70 -34.10
amogus 14142 692 21.70 1009.74 -33.25
amogus 14248 689 21.71 1009.64 -34.18
amogus 14355 687 21.70 1009.75 -33.93
amogus 14462 685 21.71 1009.72 -34.10
amogus 14569 684 21.71 1009.74 -34.01
amogus 14675 682 21.71 1009.73 -33.76
amogus 14782 682 21.71 1009.70 -33.93
amogus 14889 683 21.71 1009.72 -33.67
amogus 14996 684 21.71 1009.69 -34.78
amogus 15102 683 21.71 1009.82 -33.58
amogus 15210 684 21.71 1009.68 -34.01
amogus 15316 684 21.71 1009.73 -33.76
amogus 15423 683 21.71 1009.70 -34.01
amogus 15529 682 21.71 1009.73 -34.01
amogus 15637 681 21.71 1009.73 -33.76
amogus 15744 678 21.71 1009.70 -34.53
amogus 15850 676 21.72 1009.79 -34.19
amogus 15956 674 21.72 1009.75 -33.93
amogus 16064 673 21.72 1009.72 -33.85
amogus 16171 671 21.72 1009.71 -34.45
amogus 16277 669 21.73 1009.78 -33.59
amogus 16385 667 21.72 1009.68 -34.62
amogus 16491 666 21.72 1009.80 -33.51
amogus 16598 664 21.72 1009.67 -34.19
amogus 16704 662 21.72 1009.75 -33.68
amogus 16812 660 21.73 1009.69 -34.28
amogus 16918 659 21.72 1009.76 -34.53
amogus 17025 657 21.72 1009.79 -34.02
amogus 17131 656 21.73 1009.73 -33.59
amogus 17239 655 21.72 1009.68 -34.53
amogus 17345 653 21.74 1009.79 -33.93
amogus 17452 652 21.72 1009.72 -33.34
amogus 17559 650 21.73 1009.65 -33.85
amogus 17666 649 21.74 1009.71 -33.77
amogus 17772 648 21.73 1009.70 -34.53
amogus 17879 646 21.74 1009.79 -34.28
amogus 17986 645 21.74 1009.76 -34.53
amogus 18093 644 21.74 1009.79 -34.19
amogus 18199 643 21.74 1009.75 -33.85
amogus 18307 642 21.74 1009.71 -34.19
amogus 18413 640 21.74 1009.75 -33.60
amogus 18520 640 21.74 1009.68 -33.77
amogus 18626 638 21.73 1009.70 -34.11
amogus 18734 638 21.73 1009.74 -33.51
amogus 18840 637 21.74 1009.67 -34.11
amogus 18947 637 21.73 1009.74 -33.85
amogus 19054 638 21.74 1009.71 -33.77
amogus 19161 639 21.73 1009.70 -33.77
amogus 19267 643 21.73 1009.70 -33.77
amogus 19374 648 21.73 1009.70 -33.51
amogus 19481 655 21.74 1009.67 -33.94
amogus 19588 661 21.74 1009.72 -33.69
amogus 19694 667 21.75 1009.69 -33.69
amogus 19801 674 21.75 1009.69 -33.60
amogus 19908 681 21.74 1009.68 -34.53
amogus 20015 690 21.74 1009.79 -33.69
amogus 20121 699 21.75 1009.69 -34.37
amogus 20229 709 21.75 1009.77 -33.85
amogus 20335 717 21.74 1009.71 -33.69
amogus 20442 723 21.75 1009.69 -33.52
amogus 20548 728 21.75 1009.67 -34.11
amogus 20656 734 21.75 1009.74 -34.11
amogus 20762 740 21.75 1009.74 -34.11
amogus 20869 749 21.75 1009.74 -33.44
amogus 20976 758 21.75 1009.66 -34.20
amogus 21083 768 21.75 1009.75 -33.86
amogus 21189 779 21.75 1009.71 -33.44
amogus 21296 789 21.75 1009.66 -33.44
amogus 21403 798 21.75 1009.66 -33.52
amogus 21510 805 21.75 1009.67 -33.60
amogus 21616 809 21.76 1009.68 -34.11
amogus 21723 811 21.75 1009.74 -34.20
amogus 21830 812 21.75 1009.75 -34.38
amogus 21937 812 21.76 1009.77 -33.44
amogus 22043 811 21.75 1009.66 -33.27
amogus 22151 809 21.76 1009.64 -34.29
amogus 22257 806 21.76 1009.76 -34.88
amogus 22364 803 21.75 1009.84 -34.11
amogus 22470 800 21.75 1009.74 -33.86
amogus 22578 796 21.75 1009.71 -33.69
amogus 22684 792 21.75 1009.69 -34.46
amogus 22791 788 21.77 1009.78 -32.92
amogus 22898 785 21.76 1009.60 -33.52
amogus 23005 783 21.75 1009.67 -33.86
amogus 23111 782 21.75 1009.71 -33.77
amogus 23218 782 21.75 1009.70 -34.12
amogus 23325 786 21.77 1009.74 -34.63
amogus 23432 792 21.76 1009.80 -34.46
amogus 23538 805 21.77 1009.78 -34.20
amogus 23645 820 21.75 1009.75 -34.20
amogus 23752 838 21.75 1009.75 -34.29
amogus 23859 854 21.76 1009.76 -34.29
amogus 23965 866 21.76 1009.76 -33.60
amogus 24073 876 21.76 1009.68 -34.29
amogus 24179 885 21.76 1009.76 -33.86
amogus 24286 895 21.75 1009.71 -33.60
amogus 24392 903 21.76 1009.68 -34.03
amogus 24500 908 21.76 1009.73 -34.38
amogus 24606 912 21.76 1009.77 -34.46
amogus 24713 917 21.77 1009.78 -34.46
amogus 24820 920 21.77 1009.78 -34.38
amogus 24927 923 21.76 1009.77 -33.78
amogus 25033 927 21.77 1009.70 -33.44
amogus 25140 929 21.77 1009.66 -33.78
amogus 25247 932 21.77 1009.70 -32.42
amogus 25354 934 21.77 1009.54 -33.87
amogus 25460 936 21.77 1009.71 -33.53
amogus 25567 937 21.77 1009.67 -34.63
amogus 25674 938 21.78 1009.81 -34.38
amogus 25781 940 21.78 1009.78 -34.13
amogus 25887 943 21.79 1009.74 -33.53
amogus 25995 946 21.77 1009.67 -33.95
amogus 26101 948 21.78 1009.72 -33.36
amogus 26208 950 21.78 1009.65 -33.28
amogus 26314 953 21.78 1009.64 -34.13
amogus 26422 954 21.79 1009.74 -34.81
amogus 26528 956 21.79 1009.83 -34.04
amogus 26635 957 21.78 1009.73 -34.04
amogus 26742 958 21.78 1009.73 -34.04
amogus 26849 960 21.78 1009.73 -33.62
amogus 26955 960 21.78 1009.68 -34.30
amogus 27062 960 21.78 1009.77 -34.81
amogus 27169 959 21.79 1009.83 -34.12
amogus 27276 958 21.77 1009.74 -33.95
amogus 27382 956 21.78 1009.72 -33.95
amogus 27489 955 21.78 1009.72 -34.38
amogus 27596 953 21.78 1009.78 -33.95
amogus 27703 951 21.78 1009.72 -33.95
amogus 27809 949 21.78 1009.72 -33.44
amogus 27917 947 21.77 1009.66 -33.87
amogus 28023 946 21.77 1009.71 -33.36
amogus 28130 944 21.78 1009.65 -33.28
amogus 28236 943 21.78 1009.64 -33.95
amogus 28344 941 21.78 1009.72 -34.30
amogus 28450 942 21.78 1009.77 -34.04
amogus 28557 941 21.78 1009.73 -34.04
amogus 28664 940 21.78 1009.73 -33.02
amogus 28771 939 21.78 1009.61 -33.45
amogus 28877 939 21.79 1009.66 -34.38
amogus 28984 939 21.78 1009.78 -33.36
amogus 29091 939 21.78 1009.65 -33.19
amogus 29198 940 21.79 1009.63 -33.87
amogus 29304 941 21.79 1009.71 -33.36
amogus 29411 945 21.78 1009.65 -33.62
amogus 29518 948 21.78 1009.68 -33.53
amogus 29625 953 21.79 1009.67 -34.30
amogus 29731 958 21.79 1009.77 -34.38
amogus 29839 962 21.78 1009.78 -33.53
amogus 29945 966 21.79 1009.67 -34.21
amogus 30052 969 21.79 1009.76 -33.78
amogus 30158 971 21.79 1009.70 -34.38
amogus 30266 972 21.78 1009.78 -34.39
amogus 30372 972 21.80 1009.78 -33.19
amogus 30479 971 21.79 1009.63 -33.62
amogus 30586 971 21.79 1009.68 -34.73
amogus 30693 970 21.80 1009.82 -33.71
amogus 30799 968 21.80 1009.69 -34.14
amogus 30906 967 21.80 1009.75 -33.96
amogus 31013 966 21.79 1009.72 -33.71
amogus 31120 964 21.80 1009.69 -34.39
amogus 31226 963 21.80 1009.78 -33.46
amogus 31333 962 21.80 1009.66 -33.11
amogus 31440 961 21.80 1009.62 -33.71
amogus 31547 961 21.80 1009.69 -33.11
amogus 31653 960 21.80 1009.62 -33.46
amogus 31761 961 21.80 1009.66 -33.71
amogus 31867 963 21.80 1009.69 -33.62
amogus 31974 965 21.79 1009.68 -34.22
amogus 32080 968 21.81 1009.76 -34.22
amogus 32188 970 21.81 1009.76 -33.96
amogus 32294 970 21.79 1009.72 -34.30
amogus 32401 971 21.79 1009.77 -33.28
amogus 32508 972 21.79 1009.64 -34.30
amogus 32615 972 21.79 1009.77 -33.62
amogus 32721 973 21.79 1009.68 -34.48
amogus 32828 973 21.80 1009.79 -34.65
amogus 32935 973 21.79 1009.81 -34.14
amogus 33042 974 21.80 1009.75 -34.30
amogus 33148 973 21.79 1009.77 -33.28
amogus 33255 973 21.79 1009.64 -33.96
amogus 33362 972 21.79 1009.72 -32.94
amogus 33469 971 21.79 1009.60 -33.28
amogus 33575 971 21.79 1009.64 -33.79
amogus 33683 971 21.80 1009.71 -34.14
amogus 33789 971 21.80 1009.75 -34.14
amogus 33896 971 21.80 1009.75 -33.79
amogus 34002 971 21.80 1009.71 -33.79
amogus 34110 971 21.80 1009.71 -34.48
amogus 34216 971 21.80 1009.79 -34.05
amogus 34323 972 21.80 1009.74 -33.54
amogus 34429 972 21.81 1009.67 -33.79
amogus 34537 973 21.80 1009.71 -33.54
amogus 34643 972 21.81 1009.67 -33.79
amogus 34750 972 21.80 1009.71 -33.88
amogus 34857 970 21.81 1009.72 -33.54
amogus 34964 968 21.81 1009.67 -33.79
amogus 35070 964 21.80 1009.71 -33.79
amogus 35177 962 21.80 1009.71 -33.63
amogus 35284 960 21.81 1009.69 -34.65
amogus 35391 956 21.81 1009.81 -34.31
amogus 35497 954 21.81 1009.77 -33.80
amogus 35604 952 21.82 1009.71 -34.22
amogus 35712 949 21.81 1009.76 -32.95
amogus 35818 946 21.81 1009.60 -34.99
amogus 35924 943 21.81 1009.85 -34.05
amogus 36032 941 21.82 1009.74 -34.31
amogus 36139 938 21.81 1009.77 -33.80
amogus 36245 936 21.82 1009.71 -33.37
amogus 36352 934 21.82 1009.65 -33.29
amogus 36459 931 21.81 1009.64 -34.57
amogus 36566 928 21.83 1009.80 -34.05
amogus 36672 926 21.82 1009.74 -34.14
amogus 36780 924 21.82 1009.75 -34.32
amogus 36886 921 21.83 1009.77 -33.89
amogus 36993 919 21.83 1009.72 -34.23
amogus 37099 916 21.83 1009.76 -33.46
amogus 37207 914 21.82 1009.66 -33.80
amogus 37313 912 21.82 1009.71 -34.05
amogus 37420 909 21.82 1009.74 -33.21
amogus 37527 907 21.83 1009.63 -33.21
amogus 37634 905 21.83 1009.63 -33.55
amogus 37740 903 21.83 1009.68 -33.46
amogus 37847 901 21.82 1009.66 -34.14
amogus 37954 898 21.82 1009.75 -33.46
amogus 38061 896 21.82 1009.66 -33.12
amogus 38167 894 21.82 1009.62 -33.46
amogus 38274 892 21.82 1009.66 -33.64
amogus 38381 890 21.83 1009.69 -33.64
amogus 38488 888 21.83 1009.69 -33.64
amogus 38594 885 21.83 1009.69 -34.57
amogus 38702 884 21.83 1009.80 -33.47
amogus 38808 882 21.84 1009.67 -33.72
amogus 38915 880 21.83 1009.70 -34.40
amogus 39021 878 21.83 1009.78 -33.72
amogus 39129 876 21.83 1009.70 -32.95
amogus 39235 874 21.83 1009.60 -34.15
amogus 39342 872 21.84 1009.75 -33.72
amogus 39449 870 21.83 1009.70 -33.29
amogus 39556 868 21.83 1009.65 -33.04
amogus 39662 866 21.83 1009.61 -33.72
amogus 39769 865 21.83 1009.70 -33.81
amogus 39876 863 21.84 1009.71 -33.55
amogus 39983 861 21.83 1009.68 -34.40
amogus 40089 859 21.83 1009.78 -33.81
amogus 40196 858 21.84 1009.71 -34.58
amogus 40303 857 21.84 1009.80 -33.81
amogus 40410 855 21.84 1009.71 -33.81
amogus 40516 853 21.84 1009.71 -34.23
amogus 40624 851 21.84 1009.76 -33.81
amogus 40730 850 21.84 1009.71 -33.98
amogus 40837 848 21.85 1009.73 -34.49
amogus 40943 846 21.84 1009.79 -33.55
amogus 41051 845 21.84 1009.68 -33.47
amogus 41157 843 21.84 1009.67 -34.32
amogus 41264 842 21.85 1009.77 -33.47
amogus 41371 840 21.84 1009.67 -34.15
amogus 41478 839 21.84 1009.75 -33.89
amogus 41584 836 21.84 1009.72 -33.89
amogus 41691 836 21.84 1009.72 -34.15
amogus 41798 834 21.84 1009.75 -33.81
amogus 41905 832 21.84 1009.71 -33.81
amogus 42011 832 21.84 1009.71 -34.23
amogus 42118 830 21.84 1009.76 -34.32
amogus 42225 829 21.85 1009.77 -33.64
amogus 42332 827 21.85 1009.69 -34.41
amogus 42438 826 21.85 1009.78 -34.23
amogus 42546 824 21.84 1009.76 -33.64
amogus 42652 823 21.85 1009.69 -33.64
amogus 42759 822 21.85 1009.69 -33.64
amogus 42865 820 21.85 1009.69 -33.98
amogus 42973 819 21.85 1009.73 -34.07
amogus 43079 818 21.85 1009.74 -33.81
amogus 43186 816 21.86 1009.71 -33.98
amogus 43293 815 21.85 1009.73 -34.24
amogus 43400 814 21.86 1009.76 -35.01
amogus 43506 813 21.87 1009.85 -33.13
amogus 43613 812 21.86 1009.63 -33.65
amogus 43720 810 21.87 1009.69 -33.56
amogus 43827 809 21.86 1009.68 -33.98
amogus 43933 808 21.87 1009.73 -33.73
amogus 44040 807 21.87 1009.70 -33.90
amogus 44147 806 21.86 1009.72 -33.31
amogus 44254 805 21.87 1009.65 -33.65
amogus 44360 804 21.87 1009.69 -34.07
amogus 44468 802 21.87 1009.74 -33.05
amogus 44574 801 21.87 1009.62 -33.48
amogus 44681 800 21.87 1009.67 -33.22
amogus 44787 799 21.88 1009.64 -33.31
amogus 44895 798 21.87 1009.65 -33.82
amogus 45001 797 21.87 1009.71 -33.82
amogus 45108 795 21.87 1009.71 -33.22
amogus 45215 794 21.88 1009.64 -35.02
amogus 45322 794 21.88 1009.85 -35.27
amogus 45428 793 21.88 1009.88 -34.00
amogus 45535 792 21.88 1009.73 -34.00
amogus 45642 791 21.88 1009.73 -33.91
amogus 45749 789 21.88 1009.72 -34.17
amogus 45855 789 21.89 1009.75 -34.17
amogus 45962 788 21.89 1009.75 -34.60
amogus 46069 786 21.90 1009.80 -33.49
amogus 46176 785 21.89 1009.67 -34.51
amogus 46282 784 21.89 1009.79 -33.49
amogus 46390 783 21.89 1009.67 -34.17
amogus 46496 783 21.89 1009.75 -33.74
amogus 46603 782 21.89 1009.70 -33.23
amogus 46709 781 21.90 1009.64 -33.57
amogus 46817 780 21.90 1009.68 -33.49
amogus 46923 778 21.89 1009.67 -33.92
amogus 47030 778 21.90 1009.72 -33.14
amogus 47136 777 21.89 1009.63 -33.49
amogus 47244 776 21.89 1009.67 -33.66
amogus 47350 775 21.90 1009.69 -33.66
amogus 47457 774 21.90 1009.69 -33.32
amogus 47564 773 21.90 1009.65 -34.00
amogus 47671 772 21.90 1009.73 -32.98
amogus 47777 771 21.90 1009.61 -33.41
amogus 47884 770 21.91 1009.66 -32.98
amogus 47991 770 21.90 1009.61 -33.32
amogus 48098 769 21.90 1009.65 -33.75
amogus 48204 768 21.91 1009.70 -33.41
amogus 48311 767 21.91 1009.66 -32.81
amogus 48418 766 21.91 1009.59 -34.18
amogus 48525 765 21.91 1009.75 -33.75
amogus 48631 764 21.91 1009.70 -33.49
amogus 48739 763 21.91 1009.67 -33.58
amogus 48845 762 21.91 1009.68 -34.18
amogus 48952 762 21.91 1009.75 -34.35
amogus 49058 761 21.92 1009.77 -34.26
amogus 49166 760 21.91 1009.76 -33.32
amogus 49272 759 21.92 1009.65 -32.99
amogus 49379 758 21.92 1009.61 -33.67
amogus 49486 757 21.92 1009.69 -33.75
amogus 49593 757 21.92 1009.70 -33.32
amogus 49699 756 21.92 1009.65 -34.86
amogus 49806 755 21.93 1009.83 -34.18
amogus 49913 754 21.93 1009.75 -33.50
amogus 50020 753 21.93 1009.67 -33.84
amogus 50126 752 21.93 1009.71 -34.35
amogus 50234 752 21.94 1009.77 -33.84
amogus 50340 751 21.93 1009.71 -33.93
amogus 50447 750 21.93 1009.72 -34.61
amogus 50553 749 21.93 1009.80 -33.67
amogus 50661 749 21.94 1009.69 -34.27
amogus 50767 748 21.93 1009.76 -33.59
amogus 50874 747 21.93 1009.68 -33.59
amogus 50980 747 21.93 1009.68 -32.99
amogus 51088 746 21.94 1009.61 -34.27
amogus 51194 745 21.93 1009.76 -33.25
amogus 51301 744 21.93 1009.64 -33.59
amogus 51408 743 21.93 1009.68 -34.01
amogus 51515 742 21.94 1009.73 -34.44
amogus 51621 742 21.94 1009.78 -33.76
amogus 51728 741 21.94 1009.70 -33.50
amogus 51835 740 21.93 1009.67 -34.01
amogus 51942 740 21.94 1009.73 -33.85
amogus 52048 739 21.94 1009.71 -34.44
amogus 52156 738 21.94 1009.78 -33.76
amogus 52262 737 21.94 1009.70 -33.67
amogus 52369 737 21.94 1009.69 -34.01
amogus 52475 736 21.94 1009.73 -34.87
amogus 52583 735 21.94 1009.83 -34.70
amogus 52689 735 21.95 1009.81 -33.76
amogus 52796 734 21.94 1009.70 -34.01
amogus 52902 733 21.94 1009.73 -33.51
amogus 53010 733 21.94 1009.67 -33.51
amogus 53116 732 21.94 1009.67 -34.53
amogus 53223 731 21.94 1009.79 -33.51
amogus 53330 730 21.94 1009.67 -34.37
amogus 53437 730 21.95 1009.77 -34.19
amogus 53543 729 21.94 1009.75 -33.85
amogus 53650 729 21.94 1009.71 -33.25
amogus 53757 728 21.95 1009.64 -33.85
amogus 53864 727 21.94 1009.71 -34.37
amogus 53970 727 21.95 1009.77 -34.11
amogus 54077 726 21.96 1009.74 -33.68
amogus 54184 725 21.95 1009.69 -34.02
amogus 54291 725 21.95 1009.73 -33.42
amogus 54397 724 21.96 1009.66 -34.02
amogus 54505 723 21.95 1009.73 -33.85
amogus 54611 723 21.96 1009.71 -33.76
amogus 54718 722 21.96 1009.70 -33.09
amogus 54824 721 21.96 1009.62 -33.94
amogus 54932 720 21.97 1009.72 -33.51
amogus 55038 720 21.96 1009.67 -33.26
amogus 55145 719 21.97 1009.64 -34.53
amogus 55252 719 21.96 1009.79 -34.53
amogus 55359 718 21.96 1009.79 -34.37
amogus 55465 717 21.97 1009.77 -34.11
amogus 55572 716 21.98 1009.74 -33.85
amogus 55680 716 21.96 1009.71 -33.26
amogus 55786 715 21.97 1009.64 -34.03
amogus 55892 715 21.97 1009.73 -34.03
amogus 55999 714 21.99 1009.73 -33.68
amogus 56107 714 21.97 1009.69 -33.68
amogus 56213 713 21.97 1009.69 -34.54
amogus 56320 713 21.98 1009.79 -33.43
amogus 56427 712 21.98 1009.66 -33.52
amogus 56534 711 21.98 1009.67 -33.86
amogus 56640 711 21.98 1009.71 -33.77
amogus 56747 710 21.98 1009.70 -34.20
amogus 56854 709 21.98 1009.75 -34.20
amogus 56961 709 21.98 1009.75 -34.03
amogus 57067 708 21.99 1009.73 -34.29
amogus 57174 708 21.98 1009.76 -33.52
amogus 57281 707 21.98 1009.67 -33.78
amogus 57388 707 21.99 1009.70 -33.78
amogus 57494 706 21.99 1009.70 -33.78
amogus 57602 706 21.99 1009.70 -33.78
amogus 57708 705 21.99 1009.70 -33.52
amogus 57815 705 21.98 1009.67 -34.89
amogus 57921 704 22.00 1009.84 -34.03
amogus 58029 704 21.99 1009.73 -33.70
amogus 58135 703 22.01 1009.69 -34.04
amogus 58242 703 22.01 1009.73 -34.04
amogus 58348 702 22.01 1009.73 -33.70
amogus 58456 701 22.01 1009.69 -33.44
amogus 58562 701 21.99 1009.66 -34.89
amogus 58669 700 22.00 1009.84 -33.86
amogus 58776 700 22.00 1009.71 -34.38
amogus 58883 699 22.01 1009.78 -34.38
amogus 58989 699 22.01 1009.78 -33.86
amogus 59096 698 22.00 1009.71 -33.61
amogus 59203 698 22.00 1009.68 -33.70
amogus 59310 697 22.01 1009.69 -33.78
amogus 59416 696 22.01 1009.70 -33.86
amogus 59523 696 22.00 1009.71 -34.30
amogus 59630 695 22.00 1009.76 -33.53
amogus 59737 695 22.02 1009.67 -33.36
amogus 59843 695 22.01 1009.65 -33.87
amogus 59951 694 22.02 1009.71 -35.15
amogus 60057 693 22.01 1009.87 -33.19
amogus 60164 693 22.02 1009.63 -34.21
amogus 60270 692 22.02 1009.76 -34.21
amogus 60378 692 22.02 1009.76 -34.30
amogus 60484 691 22.02 1009.77 -33.87
amogus 60591 691 22.02 1009.71 -34.56
amogus 60697 691 22.02 1009.80 -34.56
amogus 60805 690 22.02 1009.80 -33.96
amogus 60911 689 22.02 1009.72 -33.96
amogus 61018 689 22.02 1009.72 -34.04
amogus 61125 688 22.02 1009.74 -34.64
amogus 61232 688 22.02 1009.81 -33.87
amogus 61338 688 22.02 1009.71 -34.56
amogus 61445 687 22.02 1009.80 -34.64
amogus 61552 686 22.02 1009.81 -34.72
amogus 61659 686 22.02 1009.82 -34.39
amogus 61765 685 22.02 1009.78 -33.70
amogus 61872 685 22.02 1009.69 -34.48
amogus 61979 684 22.03 1009.79 -33.70
amogus 62086 684 22.02 1009.69 -34.04
amogus 62192 683 22.02 1009.74 -34.39
amogus 62300 683 22.02 1009.78 -34.39
amogus 62406 683 22.02 1009.78 -34.90
amogus 62513 682 22.03 1009.84 -34.22
amogus 62619 682 22.03 1009.76 -34.31
amogus 62727 681 22.04 1009.77 -33.63
amogus 62833 680 22.04 1009.68 -33.88
amogus 62940 680 22.03 1009.72 -33.54
amogus 63046 680 22.03 1009.67 -34.05
amogus 63154 679 22.04 1009.74 -34.31
amogus 63260 678 22.04 1009.77 -34.40
amogus 63367 678 22.04 1009.78 -34.48
amogus 63474 677 22.05 1009.79 -33.37
amogus 63581 677 22.04 1009.65 -34.14
amogus 63687 677 22.05 1009.75 -33.88
amogus 63794 676 22.05 1009.72 -34.48
amogus 63901 676 22.05 1009.79 -33.79
amogus 64008 675 22.05 1009.71 -33.54
amogus 64114 675 22.03 1009.67 -34.57
amogus 64221 675 22.05 1009.80 -34.05
amogus 64328 674 22.04 1009.74 -33.88
amogus 64435 674 22.05 1009.72 -33.03
amogus 64541 673 22.04 1009.61 -34.31
amogus 64649 673 22.06 1009.77 -33.97
amogus 64755 672 22.06 1009.73 -33.88
amogus 64862 672 22.05 1009.72 -34.31
amogus 64968 671 22.06 1009.77 -34.05
amogus 65076 671 22.06 1009.74 -33.63
amogus 65182 671 22.06 1009.69 -33.38
amogus 65289 670 22.06 1009.65 -33.63
amogus 65395 670 22.06 1009.69 -33.88
amogus 65503 669 22.05 1009.72 -33.72
amogus 65609 669 22.06 1009.70 -33.72
amogus 65716 669 22.06 1009.70 -33.72
amogus 65823 668 22.06 1009.70 -33.81
amogus 65930 667 22.06 1009.71 -34.23
amogus 66036 667 22.07 1009.76 -34.40
amogus 66143 667 22.06 1009.78 -34.14
amogus 66250 666 22.06 1009.75 -34.05
amogus 66357 666 22.06 1009.74 -34.92
amogus 66463 666 22.07 1009.84 -34.23
amogus 66571 665 22.07 1009.76 -34.14
amogus 66677 665 22.06 1009.75 -33.89
amogus 66784 664 22.07 1009.72 -34.32
amogus 66890 664 22.07 1009.77 -34.06
amogus 66998 664 22.08 1009.74 -34.41
amogus 67104 663 22.08 1009.78 -34.06
amogus 67211 662 22.08 1009.74 -33.64
amogus 67317 662 22.07 1009.69 -34.06
amogus 67425 662 22.08 1009.74 -34.06
amogus 67531 661 22.08 1009.74 -34.32
amogus 67638 661 22.07 1009.77 -34.41
amogus 67745 661 22.08 1009.78 -34.41
amogus 67852 660 22.08 1009.78 -34.75
amogus 67958 660 22.08 1009.82 -34.32
amogus 68065 660 22.07 1009.77 -34.41
amogus 68172 659 22.08 1009.78 -33.64
amogus 68279 659 22.07 1009.69 -34.41
amogus 68385 658 22.08 1009.78 -33.72
amogus 68492 658 22.08 1009.70 -34.41
amogus 68599 658 22.08 1009.78 -33.89
amogus 68706 658 22.07 1009.72 -34.32
amogus 68812 657 22.07 1009.77 -34.32
amogus 68920 656 22.07 1009.77 -34.57
amogus 69026 656 22.07 1009.80 -34.32
amogus 69133 655 22.07 1009.77 -34.41
amogus 69239 655 22.08 1009.78 -34.23
amogus 69347 655 22.07 1009.76 -34.75
amogus 69453 654 22.08 1009.82 -34.06
amogus 69560 654 22.08 1009.74 -34.06
amogus 69666 654 22.08 1009.74 -33.72
amogus 69774 653 22.08 1009.70 -33.64
amogus 69880 654 22.07 1009.69 -34.41
amogus 69987 653 22.08 1009.78 -34.15
amogus 70094 652 22.08 1009.75 -33.72
amogus 70201 652 22.08 1009.70 -33.64
amogus 70307 652 22.07 1009.69 -34.49
amogus 70414 651 22.08 1009.79 -34.92
amogus 70521 651 22.09 1009.84 -34.75
amogus 70628 651 22.08 1009.82 -34.41
amogus 70734 650 22.08 1009.78 -33.90
amogus 70841 650 22.09 1009.72 -33.81
amogus 70948 650 22.08 1009.71 -33.81
amogus 71055 649 22.08 1009.71 -33.90
amogus 71161 649 22.09 1009.72 -33.90
amogus 71269 649 22.09 1009.72 -34.75
amogus 71375 648 22.10 1009.82 -33.90
amogus 71482 648 22.09 1009.72 -33.90
amogus 71588 648 22.09 1009.72 -34.41
amogus 71696 647 22.10 1009.78 -34.50
amogus 71802 647 22.10 1009.79 -34.25
amogus 71909 647 22.10 1009.76 -34.84
amogus 72015 646 22.10 1009.83 -33.56
amogus 72123 646 22.10 1009.68 -34.07
amogus 72229 646 22.10 1009.74 -33.82
amogus 72336 645 22.10 1009.71 -34.59
amogus 72443 645 22.10 1009.80 -35.01
amogus 72550 644 22.11 1009.85 -33.91
amogus 72656 644 22.10 1009.72 -33.56
amogus 72763 644 22.10 1009.68 -34.67
amogus 72870 643 22.11 1009.81 -33.82
amogus 72977 643 22.12 1009.71 -33.22
amogus 73083 643 22.10 1009.64 -34.42
amogus 73190 642 22.11 1009.78 -34.59
amogus 73297 642 22.12 1009.80 -34.42
amogus 73404 642 22.11 1009.78 -34.33
amogus 73510 641 22.11 1009.77 -34.59
amogus 73618 641 22.12 1009.80 -33.82
amogus 73724 641 22.12 1009.71 -34.51
amogus 73831 641 22.12 1009.79 -34.33
amogus 73937 640 22.11 1009.77 -34.51
amogus 74045 640 22.12 1009.79 -33.14
amogus 74151 639 22.12 1009.63 -33.82
amogus 74258 639 22.12 1009.71 -34.59
amogus 74365 639 22.12 1009.80 -33.74
amogus 74472 638 22.11 1009.70 -33.91
amogus 74578 638 22.12 1009.72 -33.74
amogus 74685 638 22.11 1009.70 -33.39
amogus 74792 638 22.11 1009.66 -34.59
amogus 74899 637 22.12 1009.80 -33.74
amogus 75005 637 22.11 1009.70 -34.51
amogus 75113 636 22.12 1009.79 -34.16
amogus 75219 636 22.12 1009.75 -33.48
amogus 75326 636 22.12 1009.67 -33.74
amogus 75432 636 22.13 1009.70 -33.74
amogus 75540 635 22.11 1009.70 -34.68
amogus 75646 635 22.13 1009.81 -34.33
amogus 75753 635 22.11 1009.77 -33.91
amogus 75860 634 22.12 1009.72 -34.16
amogus 75967 634 22.12 1009.75 -34.07
amogus 76073 634 22.11 1009.74 -34.25
amogus 76180 633 22.12 1009.76 -34.59
amogus 76288 633 22.12 1009.80 -33.23
amogus 76394 633 22.12 1009.64 -34.77
amogus 76500 632 22.13 1009.82 -33.57
amogus 76607 632 22.12 1009.68 -34.68
amogus 76715 632 22.13 1009.81 -34.08
amogus 76821 632 22.13 1009.74 -33.91
amogus 76928 631 22.12 1009.72 -33.65
amogus 77035 631 22.13 1009.69 -34.42
amogus 77142 631 22.13 1009.78 -34.08
amogus 77248 630 22.13 1009.74 -34.42
amogus 77355 630 22.13 1009.78 -33.83
amogus 77462 630 22.14 1009.71 -34.94
amogus 77569 629 22.14 1009.84 -34.17
amogus 77675 629 22.14 1009.75 -34.25
amogus 77783 629 22.14 1009.76 -34.60
amogus 77889 629 22.14 1009.80 -33.83
amogus 77996 628 22.14 1009.71 -34.17
amogus 78102 628 22.14 1009.75 -34.51
amogus 78210 628 22.14 1009.79 -33.91
amogus 78316 627 22.14 1009.72 -34.25
amogus 78423 627 22.14 1009.76 -34.68
amogus 78530 627 22.14 1009.81 -34.17
amogus 78637 627 22.14 1009.75 -33.75
amogus 78743 626 22.15 1009.70 -34.09
amogus 78850 626 22.15 1009.74 -33.66
amogus 78957 626 22.14 1009.69 -34.00
amogus 79064 625 22.14 1009.73 -34.52
amogus 79170 625 22.15 1009.79 -34.00
amogus 79278 624 22.14 1009.73 -34.00
amogus 79384 624 22.14 1009.73 -33.92
amogus 79491 624 22.16 1009.72 -34.95
amogus 79597 624 22.16 1009.84 -34.95
amogus 79705 624 22.16 1009.84 -33.83
amogus 79811 623 22.15 1009.71 -34.27
amogus 79918 623 22.16 1009.76 -34.27
amogus 80025 623 22.16 1009.76 -34.27
amogus 80132 622 22.16 1009.76 -34.52
amogus 80238 622 22.15 1009.79 -34.69
amogus 80345 622 22.16 1009.81 -34.78
amogus 80452 622 22.17 1009.82 -33.58
amogus 80559 621 22.16 1009.68 -33.92
amogus 80665 621 22.16 1009.72 -34.35
amogus 80772 621 22.16 1009.77 -33.58
amogus 80879 621 22.16 1009.68 -33.07
amogus 80986 620 22.17 1009.62 -34.10
amogus 81092 620 22.17 1009.74 -34.87
amogus 81200 619 22.17 1009.83 -34.27
amogus 81306 619 22.17 1009.76 -33.25
amogus 81413 619 22.17 1009.64 -34.35
amogus 81519 618 22.18 1009.77 -34.70
amogus 81627 618 22.18 1009.81 -33.33
amogus 81733 618 22.16 1009.65 -34.27
amogus 81840 617 22.17 1009.76 -34.27
amogus 81947 617 22.17 1009.76 -34.61
amogus 82054 617 22.17 1009.80 -34.61
amogus 82160 617 22.17 1009.80 -33.93
amogus 82267 616 22.17 1009.72 -34.70
amogus 82374 616 22.18 1009.81 -33.93
amogus 82481 616 22.17 1009.72 -34.61
amogus 82587 615 22.17 1009.80 -33.76
amogus 82694 615 22.18 1009.70 -34.44
amogus 82801 615 22.18 1009.78 -33.93
amogus 82908 614 22.17 1009.72 -34.53
amogus 83014 614 22.19 1009.79 -32.91
amogus 83122 614 22.17 1009.60 -33.76
amogus 83228 613 22.18 1009.70 -34.01
amogus 83335 613 22.18 1009.73 -35.21
amogus 83441 613 22.19 1009.87 -33.76
amogus 83549 613 22.18 1009.70 -34.44
amogus 83655 612 22.18 1009.78 -34.19
amogus 83762 612 22.19 1009.75 -33.51
amogus 83869 612 22.19 1009.67 -34.28
amogus 83976 612 22.19 1009.76 -33.76
amogus 84082 612 22.20 1009.70 -34.70
amogus 84189 611 22.20 1009.81 -34.28
amogus 84296 611 22.19 1009.76 -34.70
amogus 84403 611 22.20 1009.81 -34.62
amogus 84509 610 22.19 1009.80 -33.76
amogus 84616 610 22.20 1009.70 -34.45
amogus 84723 610 22.20 1009.78 -34.11
amogus 84830 609 22.20 1009.74 -34.19
amogus 84936 609 22.21 1009.75 -33.51
amogus 85044 609 22.21 1009.67 -34.19
amogus 85150 609 22.21 1009.75 -33.68
amogus 85257 608 22.20 1009.69 -33.42
amogus 85363 608 22.20 1009.66 -34.53
amogus 85471 608 22.21 1009.79 -33.94
amogus 85577 608 22.21 1009.72 -34.28
amogus 85684 607 22.21 1009.76 -33.68
amogus 85790 607 22.21 1009.69 -34.46
amogus 85898 607 22.22 1009.78 -34.03
amogus 86004 607 22.21 1009.73 -33.85
amogus 86111 606 22.21 1009.71 -34.46
amogus 86218 606 22.22 1009.78 -34.46
amogus 86325 606 22.22 1009.78 -34.03
amogus 86431 606 22.21 1009.73 -33.77
amogus 86538 605 22.22 1009.70 -34.55
amogus 86645 605 22.22 1009.79 -34.11
amogus 86752 605 22.22 1009.74 -33.77
amogus 86858 605 22.22 1009.70 -33.43
amogus 86966 604 22.22 1009.66 -34.20
amogus 87072 604 22.22 1009.75 -33.95
amogus 87179 604 22.23 1009.72 -33.95
amogus 87285 604 22.23 1009.72 -34.63
amogus 87393 603 22.23 1009.80 -33.86
amogus 87499 603 22.22 1009.71 -33.95
amogus 87606 603 22.23 1009.72 -34.63
amogus 87713 603 22.23 1009.80 -34.38
amogus 87820 603 22.23 1009.77 -34.97
amogus 87926 602 22.23 1009.85 -33.69
amogus 88033 602 22.23 1009.69 -33.77
amogus 88140 602 22.24 1009.70 -34.03
amogus 88247 601 22.23 1009.73 -33.95
amogus 88353 601 22.23 1009.72 -34.46
amogus 88461 601 22.24 1009.78 -33.60
amogus 88567 601 22.23 1009.68 -34.12
amogus 88674 600 22.24 1009.74 -34.12
amogus 88780 601 22.24 1009.74 -33.44
amogus 88888 600 22.24 1009.66 -34.12
amogus 88994 600 22.24 1009.74 -34.55
amogus 89101 600 22.24 1009.80 -34.21
amogus 89207 599 22.24 1009.75 -34.21
amogus 89315 599 22.24 1009.75 -34.30
amogus 89421 599 22.25 1009.76 -34.81
amogus 89528 599 22.25 1009.83 -34.12
amogus 89635 598 22.25 1009.74 -34.38
amogus 89742 598 22.25 1009.78 -34.63
amogus 89848 598 22.25 1009.81 -34.47
amogus 89955 597 22.25 1009.79 -34.47
amogus 90062 597 22.25 1009.79 -34.12
amogus 90169 597 22.25 1009.74 -34.12
amogus 90275 597 22.25 1009.74 -34.47
amogus 90383 597 22.25 1009.79 -34.12
amogus 90489 596 22.25 1009.74 -34.64
amogus 90596 596 22.26 1009.81 -34.81
amogus 90702 596 22.25 1009.83 -34.12
amogus 90810 595 22.25 1009.74 -33.62
amogus 90916 595 22.26 1009.68 -34.64
amogus 91023 595 22.26 1009.81 -33.87
amogus 91130 595 22.26 1009.71 -33.87
amogus 91237 595 22.26 1009.71 -33.95
amogus 91343 595 22.26 1009.72 -34.21
amogus 91450 594 22.26 1009.76 -34.30
amogus 91557 594 22.26 1009.77 -34.56
amogus 91664 594 22.26 1009.80 -34.39
amogus 91770 594 22.27 1009.78 -34.30
amogus 91877 593 22.26 1009.77 -34.64
amogus 91984 593 22.26 1009.81 -34.21
amogus 92091 593 22.26 1009.76 -34.13
amogus 92197 593 22.27 1009.75 -34.39
amogus 92305 592 22.27 1009.78 -33.02
amogus 92411 592 22.27 1009.61 -34.30
amogus 92518 592 22.26 1009.77 -33.95
amogus 92624 592 22.26 1009.72 -33.95
amogus 92732 592 22.26 1009.72 -33.45
amogus 92838 591 22.27 1009.66 -33.79
amogus 92945 591 22.27 1009.70 -34.72
amogus 93052 591 22.27 1009.82 -33.87
amogus 93159 591 22.28 1009.71 -33.28
amogus 93265 591 22.28 1009.64 -34.31
amogus 93372 590 22.28 1009.77 -34.22
amogus 93479 590 22.28 1009.76 -33.62
amogus 93586 590 22.28 1009.68 -34.22
amogus 93692 590 22.28 1009.76 -33.62
amogus 93800 589 22.28 1009.68 -34.99
amogus 93906 589 22.28 1009.85 -34.31
amogus 94013 589 22.28 1009.77 -34.31
amogus 94119 589 22.28 1009.77 -35.07
amogus 94227 589 22.29 1009.86 -34.31
amogus 94333 588 22.28 1009.77 -34.31
amogus 94440 588 22.28 1009.77 -33.96
amogus 94547 588 22.28 1009.73 -35.07
amogus 94654 588 22.29 1009.86 -34.05
amogus 94760 588 22.29 1009.74 -34.14
amogus 94867 587 22.29 1009.75 -34.48
amogus 94974 587 22.29 1009.79 -33.71
amogus 95081 586 22.29 1009.69 -34.05
amogus 95187 586 22.29 1009.74 -34.39
amogus 95294 587 22.29 1009.78 -34.39
amogus 95401 586 22.29 1009.78 -33.79
amogus 95508 586 22.29 1009.71 -34.22
amogus 95614 585 22.29 1009.76 -33.46
amogus 95722 586 22.29 1009.66 -33.20
amogus 95828 585 22.29 1009.63 -33.79
amogus 95935 585 22.29 1009.71 -34.48
amogus 96041 585 22.29 1009.79 -32.94
amogus 96149 585 22.30 1009.60 -34.31
amogus 96256 584 22.30 1009.77 -34.65
amogus 96362 584 22.30 1009.81 -33.88
amogus 96470 584 22.29 1009.72 -33.63
amogus 96576 584 22.30 1009.69 -34.14
amogus 96683 584 22.31 1009.75 -34.31
amogus 96789 583 22.30 1009.77 -34.05
amogus 96897 583 22.30 1009.74 -35.08
amogus 97003 583 22.30 1009.86 -34.23
amogus 97110 583 22.31 1009.76 -33.80
amogus 97216 583 22.31 1009.71 -33.80
amogus 97324 583 22.31 1009.71 -34.14
amogus 97430 582 22.31 1009.75 -33.72
amogus 97537 582 22.30 1009.70 -34.41
amogus 97644 581 22.32 1009.78 -34.91
amogus 97751 581 22.31 1009.84 -33.97
amogus 97857 581 22.32 1009.73 -33.80
amogus 97964 581 22.31 1009.71 -34.06
amogus 98071 581 22.32 1009.74 -33.72
amogus 98178 581 22.32 1009.70 -33.97
amogus 98284 580 22.32 1009.73 -33.72
amogus 98392 580 22.32 1009.70 -34.32
amogus 98498 580 22.32 1009.77 -33.72
amogus 98605 580 22.32 1009.70 -33.64
amogus 98711 579 22.33 1009.69 -34.23
amogus 98819 579 22.33 1009.76 -34.06
amogus 98925 579 22.32 1009.74 -34.58
amogus 99032 579 22.33 1009.80 -34.49
amogus 99139 579 22.33 1009.79 -33.13
amogus 99246 578 22.33 1009.63 -34.58
amogus 99352 578 22.33 1009.80 -33.64
amogus 99459 578 22.33 1009.69 -33.21
amogus 99566 578 22.33 1009.64 -33.98
amogus 99673 577 22.33 1009.73 -34.66
amogus 99779 577 22.33 1009.81 -33.98
amogus 99886 577 22.33 1009.73 -33.98
amogus 99993 577 22.33 1009.73 -34.75
amogus 100100 577 22.34 1009.82 -34.50
amogus 100206 576 22.34 1009.79 -33.73
amogus 100314 576 22.34 1009.70 -33.04
amogus 100420 576 22.34 1009.62 -34.66
amogus 100527 576 22.33 1009.81 -33.21
amogus 100634 575 22.33 1009.64 -33.47
amogus 100741 576 22.33 1009.67 -33.73
amogus 100847 575 22.34 1009.70 -34.84
amogus 100955 575 22.34 1009.83 -33.30
amogus 101061 575 22.33 1009.65 -34.84
amogus 101168 575 22.34 1009.83 -33.98
amogus 101275 575 22.33 1009.73 -34.15
amogus 101382 575 22.34 1009.75 -34.50
amogus 101488 574 22.34 1009.79 -34.15
amogus 101596 574 22.34 1009.75 -33.47
amogus 101702 574 22.34 1009.67 -34.15
amogus 101809 574 22.34 1009.75 -33.73
amogus 101916 574 22.34 1009.70 -33.98
amogus 102023 574 22.33 1009.73 -34.33
amogus 102129 573 22.35 1009.77 -34.15
amogus 102237 573 22.34 1009.75 -35.26
amogus 102343 573 22.35 1009.88 -33.65
amogus 102450 573 22.35 1009.69 -33.65
amogus 102557 573 22.35 1009.69 -34.33
amogus 102664 572 22.35 1009.77 -34.16
amogus 102770 572 22.36 1009.75 -34.50
amogus 102878 572 22.36 1009.79 -34.33
amogus 102984 572 22.35 1009.77 -33.48
amogus 103091 571 22.36 1009.67 -33.73
amogus 103198 571 22.36 1009.70 -34.50
amogus 103305 571 22.36 1009.79 -34.42
amogus 103411 571 22.36 1009.78 -34.50
amogus 103519 571 22.36 1009.79 -33.73
amogus 103625 571 22.36 1009.70 -33.82
amogus 103732 570 22.36 1009.71 -34.07
amogus 103839 570 22.36 1009.74 -33.82
amogus 103946 570 22.36 1009.71 -33.91
amogus 104052 570 22.36 1009.72 -33.82
amogus 104160 570 22.36 1009.71 -34.33
amogus 104266 570 22.37 1009.77 -33.82
amogus 104373 569 22.36 1009.71 -33.48
amogus 104480 569 22.36 1009.67 -33.82
amogus 104587 569 22.36 1009.71 -33.65
amogus 104693 569 22.37 1009.69 -34.68
amogus 104801 569 22.37 1009.81 -34.33
amogus 104907 569 22.37 1009.77 -33.48
amogus 105014 568 22.36 1009.67 -33.82
amogus 105120 568 22.36 1009.71 -33.91
amogus 105228 568 22.36 1009.72 -34.16
amogus 105334 568 22.38 1009.75 -33.82
amogus 105441 568 22.36 1009.71 -34.33
amogus 105548 567 22.37 1009.77 -34.42
amogus 105655 567 22.37 1009.78 -33.31
amogus 105761 567 22.37 1009.65 -34.16
amogus 105869 567 22.38 1009.75 -33.99
amogus 105975 567 22.37 1009.73 -33.83
amogus 106082 566 22.38 1009.71 -34.16
amogus 106189 567 22.38 1009.75 -34.42
amogus 106296 566 22.37 1009.78 -34.25
amogus 106402 566 22.38 1009.76 -34.00
amogus 106510 566 22.39 1009.73 -33.66
amogus 106616 565 22.39 1009.69 -33.66
amogus 106723 565 22.39 1009.69 -33.91
amogus 106830 565 22.38 1009.72 -33.57
amogus 106937 565 22.38 1009.68 -32.98
amogus 107043 564 22.39 1009.61 -33.23
amogus 107151 564 22.38 1009.64 -33.75
amogus 107257 564 22.39 1009.70 -32.98
amogus 107364 564 22.39 1009.61 -34.00
amogus 107471 564 22.39 1009.73 -33.23
amogus 107578 564 22.38 1009.64 -34.09
amogus 107684 564 22.39 1009.74 -34.43
amogus 107792 563 22.39 1009.78 -34.51
amogus 107898 563 22.40 1009.79 -33.75
amogus 108005 563 22.39 1009.70 -33.49
amogus 108112 563 22.40 1009.67 -33.92
amogus 108219 563 22.40 1009.72 -34.26
amogus 108325 563 22.40 1009.76 -33.83
amogus 108433 562 22.40 1009.71 -34.26
amogus 108539 562 22.40 1009.76 -33.83
amogus 108646 562 22.40 1009.71 -34.34
amogus 108753 562 22.40 1009.77 -35.28
amogus 108860 562 22.40 1009.88 -33.66
amogus 108966 562 22.40 1009.69 -33.75
amogus 109074 561 22.41 1009.70 -33.75
amogus 109180 561 22.41 1009.70 -34.09
amogus 109287 561 22.41 1009.74 -34.18
amogus 109393 561 22.41 1009.75 -34.18
amogus 109501 561 22.41 1009.75 -34.69
amogus 109607 561 22.40 1009.81 -33.16
amogus 109714 561 22.41 1009.63 -34.44
amogus 109821 560 22.43 1009.78 -34.18
amogus 109928 560 22.41 1009.75 -33.84
amogus 110034 560 22.41 1009.71 -33.92
amogus 110142 560 22.42 1009.72 -33.49
amogus 110248 559 22.41 1009.67 -33.33
amogus 110355 559 22.42 1009.65 -34.35
amogus 110462 559 22.42 1009.77 -33.16
amogus 110569 559 22.41 1009.63 -34.27
amogus 110675 559 22.42 1009.76 -33.92
amogus 110783 558 22.42 1009.72 -34.35
amogus 110889 558 22.42 1009.77 -34.01
amogus 110996 558 22.42 1009.73 -34.01
amogus 111104 558 22.42 1009.73 -33.84
amogus 111210 558 22.43 1009.71 -34.35
amogus 111316 558 22.42 1009.77 -33.92
amogus 111424 558 22.42 1009.72 -34.27
amogus 111531 557 22.42 1009.76 -34.44
amogus 111637 558 22.43 1009.78 -33.75
amogus 111745 557 22.43 1009.70 -33.84
amogus 111851 557 22.43 1009.71 -34.19
amogus 111958 557 22.43 1009.75 -33.75
amogus 112065 557 22.43 1009.70 -33.84
amogus 112172 557 22.43 1009.71 -34.52
amogus 112278 557 22.43 1009.79 -34.19
amogus 112386 557 22.43 1009.75 -34.70
amogus 112492 556 22.44 1009.81 -34.52
amogus 112599 557 22.43 1009.79 -33.67
amogus 112706 556 22.44 1009.69 -33.16
amogus 112813 556 22.43 1009.63 -33.67
amogus 112919 556 22.44 1009.69 -33.67
amogus 113027 556 22.44 1009.69 -34.01
amogus 113133 556 22.44 1009.73 -34.53
amogus 113240 556 22.45 1009.79 -34.01
amogus 113347 555 22.44 1009.73 -33.93
amogus 113454 555 22.45 1009.72 -33.67
amogus 113560 555 22.44 1009.69 -33.85
amogus 113667 555 22.45 1009.71 -32.99
amogus 113774 555 22.44 1009.61 -33.33
amogus 113881 554 22.44 1009.65 -33.08
amogus 113987 554 22.44 1009.62 -34.53
amogus 114095 554 22.45 1009.79 -33.51
amogus 114201 554 22.45 1009.67 -33.85
amogus 114308 554 22.45 1009.71 -33.33
amogus 114415 554 22.44 1009.65 -33.59
amogus 114522 553 22.45 1009.68 -33.59
amogus 114628 554 22.45 1009.68 -33.51
amogus 114736 553 22.45 1009.67 -33.68
amogus 114842 553 22.46 1009.69 -34.28
amogus 114949 553 22.45 1009.76 -33.85
amogus 115056 553 22.45 1009.71 -34.19
amogus 115163 553 22.45 1009.75 -34.19
amogus 115269 552 22.45 1009.75 -33.68
amogus 115377 552 22.46 1009.69 -34.28
amogus 115483 552 22.45 1009.76 -34.19
amogus 115590 552 22.45 1009.75 -33.77
amogus 115697 552 22.46 1009.70 -33.77
amogus 115804 551 22.46 1009.70 -33.77
amogus 115910 552 22.46 1009.70 -33.68
amogus 116018 551 22.46 1009.69 -34.37
amogus 116124 551 22.46 1009.77 -33.42
amogus 116231 551 22.46 1009.66 -34.19
amogus 116338 551 22.47 1009.75 -33.85
amogus 116445 551 22.47 1009.71 -33.51
amogus 116551 551 22.47 1009.67 -32.92
amogus 116659 550 22.47 1009.60 -33.85
amogus 116765 550 22.47 1009.71 -34.37
amogus 116872 550 22.48 1009.77 -34.28
amogus 116979 550 22.47 1009.76 -34.03
amogus 117086 550 22.48 1009.73 -33.35
amogus 117192 550 22.48 1009.65 -33.00
amogus 117300 550 22.48 1009.61 -33.52
amogus 117406 549 22.48 1009.67 -33.86
amogus 117513 549 22.48 1009.71 -33.77
amogus 117620 549 22.48 1009.70 -34.88
amogus 117727 549 22.48 1009.84 -33.52
amogus 117833 549 22.48 1009.67 -33.43
amogus 117941 549 22.48 1009.66 -33.35
amogus 118047 548 22.48 1009.65 -34.11
amogus 118154 549 22.48 1009.74 -33.94
amogus 118261 548 22.47 1009.72 -33.94
amogus 118368 548 22.47 1009.72 -33.00
amogus 118474 548 22.48 1009.61 -33.17
amogus 118581 548 22.47 1009.63 -33.35
amogus 118688 548 22.48 1009.65 -33.68
amogus 118795 548 22.48 1009.69 -34.11
amogus 118901 547 22.48 1009.74 -34.28
amogus 119009 547 22.47 1009.76 -33.35
amogus 119115 547 22.48 1009.65 -33.60
amogus 119222 547 22.49 1009.68 -33.00
amogus 119329 547 22.48 1009.61 -33.94
amogus 119436 547 22.49 1009.72 -33.77
amogus 119542 547 22.48 1009.70 -33.86
amogus 119650 547 22.48 1009.71 -33.86
amogus 119756 547 22.48 1009.71 -33.52
amogus 119863 547 22.48 1009.67 -33.69
amogus 119970 547 22.49 1009.69 -33.69
amogus 120077 546 22.49 1009.69 -34.12
amogus 120183 547 22.50 1009.74 -34.46
amogus 120291 546 22.50 1009.78 -33.10
amogus 120397 546 22.50 1009.62 -33.52
amogus 120504 546 22.48 1009.67 -33.95
amogus 120611 546 22.51 1009.72 -33.86
amogus 120718 546 22.50 1009.71 -33.95
amogus 120824 545 22.51 1009.72 -33.77
amogus 120932 546 22.50 1009.70 -33.61
amogus 121038 545 22.51 1009.68 -33.86
amogus 121145 545 22.50 1009.71 -33.86
amogus 121252 545 22.50 1009.71 -33.86
amogus 121359 545 22.50 1009.71 -34.04
amogus 121465 545 22.51 1009.73 -34.04
amogus 121573 545 22.51 1009.73 -34.20
amogus 121679 545 22.50 1009.75 -34.72
amogus 121786 545 22.51 1009.82 -34.29
amogus 121892 545 22.51 1009.76 -33.69
amogus 122000 545 22.51 1009.69 -34.12
amogus 122106 544 22.52 1009.74 -33.69
amogus 122213 544 22.51 1009.69 -34.21
amogus 122320 544 22.52 1009.75 -33.87
amogus 122427 544 22.52 1009.71 -34.21
amogus 122533 544 22.52 1009.75 -33.44
amogus 122641 544 22.52 1009.66 -33.53
amogus 122747 544 22.52 1009.67 -33.01
amogus 122854 543 22.51 1009.61 -34.21
amogus 122961 543 22.52 1009.75 -33.70
amogus 123068 543 22.53 1009.69 -34.30
amogus 123174 543 22.52 1009.77 -33.19
amogus 123282 543 22.52 1009.63 -33.87
amogus 123388 543 22.52 1009.71 -34.39
amogus 123495 543 22.53 1009.78 -34.04
amogus 123602 543 22.53 1009.73 -33.44
amogus 123709 543 22.52 1009.66 -34.39
amogus 123815 543 22.53 1009.78 -34.30
amogus 123923 543 22.52 1009.77 -34.04
amogus 124029 542 22.53 1009.73 -34.13
amogus 124136 542 22.53 1009.75 -33.02
amogus 124243 542 22.53 1009.61 -34.47
amogus 124350 542 22.53 1009.79 -33.11
amogus 124456 542 22.53 1009.62 -33.62
amogus 124564 542 22.52 1009.68 -33.87
amogus 124670 542 22.54 1009.71 -33.79
amogus 124777 542 22.53 1009.70 -34.56
amogus 124884 541 22.54 1009.80 -33.87
amogus 124991 542 22.54 1009.71 -33.45
amogus 125097 541 22.53 1009.66 -34.56
amogus 125205 541 22.54 1009.80 -34.04
amogus 125312 541 22.53 1009.73 -34.39
amogus 125418 541 22.53 1009.78 -33.79
amogus 125526 541 22.53 1009.70 -33.36
amogus 125632 541 22.53 1009.65 -34.56
amogus 125739 541 22.54 1009.80 -34.04
amogus 125846 541 22.53 1009.73 -32.93
amogus 125953 541 22.52 1009.60 -33.79
amogus 126059 540 22.53 1009.70 -34.22
amogus 126167 540 22.54 1009.76 -33.02
amogus 126273 540 22.53 1009.61 -33.36
amogus 126380 540 22.53 1009.65 -34.39
amogus 126486 540 22.53 1009.78 -33.87
amogus 126594 540 22.54 1009.71 -33.53
amogus 126700 540 22.54 1009.67 -33.11
amogus 126807 540 22.53 1009.62 -33.87
amogus 126914 540 22.54 1009.71 -34.05
amogus 127021 539 22.55 1009.74 -33.62
amogus 127127 539 22.52 1009.68 -34.39
amogus 127235 539 22.55 1009.78 -34.47
amogus 127341 539 22.53 1009.79 -34.39
amogus 127448 539 22.55 1009.78 -33.88
amogus 127555 539 22.56 1009.72 -33.45
amogus 127662 539 22.55 1009.66 -34.05
amogus 127768 539 22.55 1009.74 -33.88
amogus 127876 538 22.56 1009.72 -33.45
amogus 127982 538 22.55 1009.66 -33.54
amogus 128089 539 22.56 1009.67 -34.48
amogus 128196 538 22.55 1009.79 -34.13
amogus 128303 538 22.55 1009.75 -34.57
amogus 128409 538 22.56 1009.80 -33.54
amogus 128517 538 22.56 1009.67 -33.54
amogus 128623 538 22.56 1009.67 -33.88
amogus 128730 538 22.56 1009.72 -34.05
amogus 128837 538 22.56 1009.74 -33.88
amogus 128944 537 22.56 1009.72 -32.94
amogus 129050 537 22.56 1009.60 -33.97
amogus 129158 537 22.56 1009.73 -34.40
amogus 129264 537 22.56 1009.78 -33.88
amogus 129371 537 22.56 1009.72 -33.63
amogus 129478 537 22.56 1009.69 -33.63
amogus 129585 537 22.56 1009.69 -34.05
amogus 129691 537 22.56 1009.74 -33.29
amogus 129799 536 22.56 1009.64 -32.95
amogus 129905 536 22.58 1009.60 -34.57
amogus 130012 536 22.57 1009.80 -33.72
amogus 130119 536 22.58 1009.70 -34.31
amogus 130226 536 22.58 1009.77 -32.95
amogus 130332 536 22.58 1009.60 -33.63
amogus 130440 536 22.58 1009.69 -34.40
amogus 130546 536 22.58 1009.78 -33.12
amogus 130653 536 22.59 1009.62 -33.72
amogus 130760 536 22.58 1009.70 -33.97
amogus 130867 536 22.58 1009.73 -33.38
amogus 130973 536 22.58 1009.66 -33.72
amogus 131081 535 22.58 1009.70 -34.40
amogus 131187 535 22.58 1009.78 -34.06
amogus 131294 535 22.58 1009.74 -34.23
amogus 131400 535 22.59 1009.76 -34.83
amogus 131508 535 22.59 1009.83 -34.31
amogus 131614 535 22.58 1009.77 -33.38
amogus 131721 535 22.58 1009.66 -34.14
amogus 131828 535 22.59 1009.75 -33.89
amogus 131935 534 22.59 1009.72 -33.38
amogus 132041 534 22.58 1009.66 -34.49
amogus 132149 534 22.59 1009.79 -33.98
amogus 132255 534 22.59 1009.73 -34.06
amogus 132362 534 22.58 1009.74 -33.89
amogus 132469 534 22.59 1009.72 -34.41
amogus 132576 534 22.60 1009.78 -34.23
amogus 132682 534 22.59 1009.76 -33.46
amogus 132790 534 22.59 1009.67 -34.23
amogus 132896 533 22.59 1009.76 -34.23
amogus 133003 534 22.59 1009.76 -33.98
amogus 133110 533 22.59 1009.73 -34.66
amogus 133217 533 22.59 1009.81 -34.06
amogus 133323 533 22.60 1009.74 -33.73
amogus 133431 533 22.60 1009.70 -34.06
amogus 133537 533 22.60 1009.74 -33.64
amogus 133644 533 22.59 1009.69 -33.55
amogus 133751 533 22.59 1009.68 -34.41
amogus 133858 533 22.60 1009.78 -34.66
amogus 133964 533 22.59 1009.81 -34.15
amogus 134072 533 22.60 1009.75 -33.73
amogus 134178 532 22.60 1009.70 -35.00
amogus 134285 532 22.59 1009.85 -33.64
amogus 134391 533 22.59 1009.69 -33.81
amogus 134499 532 22.60 1009.71 -33.73
amogus 134605 532 22.60 1009.70 -33.38
amogus 134712 532 22.60 1009.66 -33.90
amogus 134819 532 22.61 1009.72 -33.98
amogus 134926 532 22.61 1009.73 -35.26
amogus 135032 532 22.61 1009.88 -34.41
amogus 135140 532 22.62 1009.78 -33.73
amogus 135246 532 22.62 1009.70 -33.64
amogus 135353 532 22.61 1009.69 -33.47
amogus 135460 532 22.62 1009.67 -33.73
amogus 135567 532 22.62 1009.70 -34.24
amogus 135673 531 22.61 1009.76 -33.22
amogus 135781 531 22.63 1009.64 -33.39
amogus 135887 531 22.62 1009.66 -33.47
amogus 135994 531 22.62 1009.67 -34.24
amogus 136101 531 22.63 1009.76 -34.07
amogus 136208 531 22.63 1009.74 -34.50
amogus 136314 531 22.62 1009.79 -33.73
amogus 136422 531 22.62 1009.70 -33.90
amogus 136528 531 22.63 1009.72 -33.65
amogus 136635 530 22.63 1009.69 -33.56
amogus 136742 531 22.63 1009.68 -33.99
amogus 136849 530 22.63 1009.73 -34.42
amogus 136955 530 22.63 1009.78 -33.99
amogus 137063 530 22.63 1009.73 -33.99
amogus 137169 530 22.63 1009.73 -33.73
amogus 137276 530 22.63 1009.70 -33.99
amogus 137383 529 22.63 1009.73 -33.39
amogus 137490 529 22.63 1009.66 -34.34
amogus 137596 529 22.65 1009.77 -33.91
amogus 137704 529 22.64 1009.72 -34.16
amogus 137810 529 22.64 1009.75 -34.25
amogus 137917 529 22.64 1009.76 -34.50
amogus 138024 529 22.64 1009.79 -33.82
amogus 138131 529 22.64 1009.71 -34.07
amogus 138237 528 22.63 1009.74 -33.65
amogus 138345 528 22.65 1009.69 -34.00
amogus 138451 528 22.65 1009.73 -34.08
amogus 138558 528 22.65 1009.74 -34.08
amogus 138665 528 22.65 1009.74 -34.34
amogus 138772 528 22.65 1009.77 -34.76
amogus 138878 528 22.65 1009.82 -34.08
amogus 138986 528 22.65 1009.74 -33.74
amogus 139092 527 22.65 1009.70 -34.08
amogus 139199 528 22.65 1009.74 -33.74
amogus 139307 528 22.65 1009.70 -33.05
amogus 139413 527 22.65 1009.62 -34.60
amogus 139520 527 22.66 1009.80 -34.25
amogus 139626 527 22.66 1009.76 -34.51
amogus 139734 527 22.66 1009.79 -33.91
amogus 139840 527 22.66 1009.72 -33.91
amogus 139947 527 22.66 1009.72 -33.23
amogus 140054 527 22.66 1009.64 -34.94
amogus 140161 527 22.66 1009.84 -34.60
amogus 140267 527 22.66 1009.80 -34.43
amogus 140375 526 22.67 1009.78 -34.00
amogus 140481 527 22.67 1009.73 -34.00
amogus 140588 527 22.67 1009.73 -33.92
amogus 140695 526 22.68 1009.72 -34.60
amogus 140802 526 22.66 1009.80 -33.83
amogus 140908 526 22.67 1009.71 -34.43
amogus 141016 526 22.67 1009.78 -33.92
amogus 141122 526 22.68 1009.72 -33.15
amogus 141229 526 22.67 1009.63 -33.58
amogus 141336 526 22.68 1009.68 -33.92
amogus 141443 526 22.68 1009.72 -33.92
amogus 141549 526 22.68 1009.72 -34.26
amogus 141657 526 22.68 1009.76 -33.41
amogus 141763 526 22.69 1009.66 -34.35
amogus 141870 526 22.68 1009.77 -34.09
amogus 141977 525 22.69 1009.74 -33.84
amogus 142084 525 22.69 1009.71 -33.49
amogus 142190 525 22.69 1009.67 -33.41
amogus 142298 525 22.69 1009.66 -34.35
amogus 142404 525 22.68 1009.77 -34.77
amogus 142511 525 22.69 1009.82 -33.41
amogus 142618 525 22.69 1009.66 -33.84
amogus 142725 525 22.69 1009.71 -33.92
amogus 142831 525 22.70 1009.72 -34.27
amogus 142939 525 22.70 1009.76 -34.69
amogus 143045 525 22.70 1009.81 -33.58
amogus 143152 525 22.70 1009.68 -34.52
amogus 143259 525 22.71 1009.79 -33.58
amogus 143366 525 22.70 1009.68 -34.44
amogus 143472 525 22.71 1009.78 -34.10
amogus 143580 524 22.71 1009.74 -33.75
amogus 143686 525 22.71 1009.70 -34.18
amogus 143793 525 22.71 1009.75 -34.44
amogus 143900 524 22.71 1009.78 -34.18
amogus 144007 524 22.71 1009.75 -34.01
amogus 144113 524 22.70 1009.73 -33.75
amogus 144221 524 22.71 1009.70 -34.27
amogus 144327 524 22.71 1009.76 -34.27
amogus 144434 524 22.71 1009.76 -33.93
amogus 144541 524 22.71 1009.72 -33.59
amogus 144648 524 22.71 1009.68 -34.18
amogus 144754 524 22.71 1009.75 -34.61
amogus 144861 524 22.71 1009.80 -33.33
amogus 144968 524 22.72 1009.65 -33.42
amogus 145075 524 22.72 1009.66 -33.93
amogus 145181 524 22.71 1009.72 -35.46
amogus 145289 524 22.72 1009.91 -34.02
amogus 145395 524 22.72 1009.73 -34.10
amogus 145502 524 22.72 1009.74 -34.44
amogus 145609 523 22.72 1009.78 -33.26
amogus 145716 524 22.73 1009.64 -34.28
amogus 145822 523 22.73 1009.76 -34.10
amogus 145930 523 22.72 1009.74 -34.53
amogus 146036 523 22.73 1009.79 -33.17
amogus 146143 523 22.73 1009.63 -32.83
amogus 146250 523 22.73 1009.59 -33.59
amogus 146357 523 22.73 1009.68 -33.67
amogus 146463 523 22.72 1009.69 -33.42
amogus 146571 523 22.72 1009.66 -34.96
amogus 146677 523 22.73 1009.84 -33.59
amogus 146784 523 22.73 1009.68 -34.45
amogus 146891 523 22.74 1009.78 -33.33
amogus 146998 522 22.74 1009.65 -34.62
amogus 147104 523 22.73 1009.80 -34.37
amogus 147212 523 22.74 1009.77 -34.37
amogus 147318 522 22.74 1009.77 -33.68
amogus 147425 522 22.74 1009.69 -34.11
amogus 147532 522 22.74 1009.74 -33.68
amogus 147639 522 22.74 1009.69 -33.68
amogus 147745 522 22.74 1009.69 -34.02
amogus 147853 522 22.74 1009.73 -34.28
amogus 147959 522 22.75 1009.76 -33.51
amogus 148066 522 22.75 1009.67 -33.68
amogus 148173 522 22.74 1009.69 -33.26
amogus 148280 522 22.75 1009.64 -33.26
amogus 148386 521 22.75 1009.64 -32.57
amogus 148494 521 22.75 1009.56 -34.28
amogus 148600 521 22.75 1009.76 -34.88
amogus 148707 522 22.75 1009.83 -33.17
amogus 148814 521 22.75 1009.63 -32.92
amogus 148921 521 22.75 1009.60 -33.85
amogus 149027 521 22.75 1009.71 -33.59
amogus 149135 521 22.75 1009.68 -32.83
amogus 149241 521 22.75 1009.59 -33.26
amogus 149348 521 22.75 1009.64 -33.94
amogus 149455 521 22.75 1009.72 -34.37
amogus 149562 521 22.75 1009.77 -33.09
amogus 149668 521 22.76 1009.62 -33.77
amogus 149776 521 22.76 1009.70 -33.51
amogus 149882 521 22.76 1009.67 -33.09
amogus 149989 521 22.76 1009.62 -33.09
amogus 150096 521 22.76 1009.62 -33.86
amogus 150203 521 22.76 1009.71 -33.43
amogus 150309 520 22.76 1009.66 -34.20
amogus 150417 521 22.76 1009.75 -33.35
amogus 150523 520 22.77 1009.65 -33.69
amogus 150630 520 22.77 1009.69 -33.94
amogus 150737 520 22.77 1009.72 -33.18
amogus 150844 520 22.76 1009.63 -34.03
amogus 150950 520 22.77 1009.73 -33.77
amogus 151058 520 22.78 1009.70 -34.12
amogus 151164 520 22.78 1009.74 -33.86
amogus 151271 520 22.78 1009.71 -33.94
amogus 151378 520 22.77 1009.72 -34.20
amogus 151485 520 22.78 1009.75 -33.18
amogus 151591 520 22.78 1009.63 -33.52
amogus 151699 520 22.78 1009.67 -33.95
amogus 151805 520 22.78 1009.72 -33.95
amogus 151912 520 22.78 1009.72 -34.55
amogus 152019 520 22.78 1009.79 -33.86
amogus 152126 519 22.78 1009.71 -33.69
amogus 152232 519 22.79 1009.69 -33.61
amogus 152339 519 22.78 1009.68 -33.95
amogus 152446 519 22.78 1009.72 -33.27
amogus 152553 519 22.78 1009.64 -33.44
amogus 152659 519 22.79 1009.66 -34.38
amogus 152767 519 22.79 1009.77 -33.27
amogus 152873 519 22.78 1009.64 -34.38
amogus 152980 519 22.79 1009.77 -33.69
amogus 153088 519 22.79 1009.69 -33.69
amogus 153194 519 22.79 1009.69 -33.36
amogus 153300 519 22.79 1009.65 -33.36
amogus 153408 519 22.79 1009.65 -33.44
amogus 153515 519 22.79 1009.66 -33.19
amogus 153621 519 22.80 1009.63 -33.87
amogus 153729 519 22.80 1009.71 -33.95
amogus 153835 519 22.80 1009.72 -34.21
amogus 153942 518 22.80 1009.75 -33.78
amogus 154049 519 22.81 1009.70 -33.27
amogus 154156 518 22.80 1009.64 -34.04
amogus 154262 518 22.81 1009.73 -34.04
amogus 154370 518 22.81 1009.73 -33.70
amogus 154476 518 22.81 1009.69 -34.56
amogus 154583 518 22.82 1009.80 -33.70
amogus 154690 518 22.81 1009.69 -34.13
amogus 154797 518 22.81 1009.74 -33.87
amogus 154903 518 22.82 1009.71 -33.45
amogus 155011 518 22.81 1009.66 -33.19
amogus 155117 518 22.82 1009.63 -33.02
amogus 155224 518 22.81 1009.61 -34.81
amogus 155331 518 22.81 1009.83 -33.78
amogus 155438 518 22.81 1009.70 -33.62
amogus 155544 518 22.82 1009.68 -34.64
amogus 155652 518 22.82 1009.81 -33.28
amogus 155758 518 22.82 1009.64 -33.96
amogus 155865 518 22.82 1009.72 -34.04
amogus 155972 518 22.82 1009.74 -33.62
amogus 156079 517 22.82 1009.68 -34.81
amogus 156185 518 22.83 1009.83 -33.96
amogus 156293 517 22.82 1009.72 -33.45
amogus 156399 518 22.83 1009.66 -33.45
amogus 156506 518 22.83 1009.66 -33.36
amogus 156613 517 22.82 1009.65 -33.45
amogus 156720 517 22.83 1009.66 -33.45
amogus 156826 517 22.83 1009.66 -33.79
amogus 156934 517 22.83 1009.70 -33.88
amogus 157040 517 22.83 1009.72 -33.79
amogus 157147 517 22.83 1009.70 -33.96
amogus 157254 517 22.84 1009.73 -33.62
amogus 157361 517 22.84 1009.68 -33.11
amogus 157467 517 22.83 1009.62 -34.39
amogus 157575 517 22.84 1009.78 -33.62
amogus 157681 517 22.84 1009.68 -34.05
amogus 157788 516 22.84 1009.74 -33.71
amogus 157895 517 22.84 1009.69 -33.46
amogus 158002 517 22.85 1009.66 -34.39
amogus 158108 516 22.84 1009.78 -33.46
amogus 158216 516 22.85 1009.66 -34.14
amogus 158322 517 22.85 1009.75 -34.05
amogus 158429 516 22.84 1009.74 -34.14
amogus 158536 516 22.85 1009.75 -33.37
amogus 158643 516 22.84 1009.65 -33.28
amogus 158749 516 22.84 1009.64 -33.79
amogus 158857 516 22.85 1009.71 -33.79
amogus 158963 516 22.85 1009.71 -33.97
amogus 159070 516 22.86 1009.73 -33.54
amogus 159177 516 22.85 1009.67 -33.88
amogus 159284 516 22.85 1009.72 -33.29
amogus 159390 515 22.86 1009.64 -32.61
amogus 159498 516 22.86 1009.56 -33.63
amogus 159604 516 22.86 1009.69 -34.05
amogus 159711 516 22.86 1009.74 -34.05
amogus 159818 516 22.86 1009.74 -34.14
amogus 159925 516 22.86 1009.75 -33.46
amogus 160031 515 22.86 1009.66 -33.80
amogus 160139 515 22.86 1009.71 -33.80
amogus 160245 515 22.86 1009.71 -33.80
amogus 160352 515 22.86 1009.71 -34.57
amogus 160459 515 22.87 1009.80 -33.46
amogus 160566 515 22.86 1009.66 -34.48
amogus 160672 515 22.86 1009.79 -34.32
amogus 160780 515 22.87 1009.77 -34.06
amogus 160886 515 22.88 1009.74 -33.46
amogus 160993 515 22.86 1009.66 -34.15
amogus 161100 515 22.88 1009.75 -34.32
amogus 161207 515 22.87 1009.77 -33.63
amogus 161313 515 22.87 1009.69 -33.72
amogus 161421 515 22.88 1009.70 -34.40
amogus 161527 514 22.88 1009.78 -33.72
amogus 161634 514 22.88 1009.70 -33.46
amogus 161740 515 22.88 1009.67 -34.06
amogus 161848 515 22.88 1009.74 -33.81
amogus 161954 514 22.88 1009.71 -33.63
amogus 162061 514 22.87 1009.69 -33.46
amogus 162168 514 22.88 1009.67 -33.55
amogus 162275 514 22.89 1009.68 -33.81
amogus 162381 514 22.88 1009.71 -33.30
amogus 162489 514 22.89 1009.65 -33.98
amogus 162595 514 22.89 1009.73 -33.90
amogus 162702 514 22.89 1009.72 -34.23
amogus 162809 513 22.89 1009.76 -34.23
amogus 162916 513 22.89 1009.76 -34.06
amogus 163022 513 22.90 1009.74 -33.90
amogus 163130 513 22.89 1009.72 -32.96
amogus 163236 513 22.89 1009.60 -34.41
amogus 163343 513 22.90 1009.78 -33.81
amogus 163450 513 22.90 1009.71 -34.41
amogus 163557 513 22.90 1009.78 -33.47
amogus 163663 513 22.90 1009.67 -33.64
amogus 163771 513 22.91 1009.69 -34.33
amogus 163877 513 22.91 1009.77 -33.81
amogus 163984 512 22.90 1009.71 -34.33
amogus 164091 513 22.91 1009.77 -33.56
amogus 164198 512 22.90 1009.68 -33.13
amogus 164304 512 22.90 1009.63 -33.98
amogus 164412 512 22.91 1009.73 -33.56
amogus 164518 512 22.90 1009.68 -34.24
amogus 164625 512 22.90 1009.76 -33.21
amogus 164732 512 22.90 1009.64 -33.21
amogus 164839 513 22.90 1009.64 -33.73
amogus 164945 512 22.91 1009.70 -33.73
amogus 165053 512 22.91 1009.70 -33.04
amogus 165159 512 22.91 1009.62 -33.13
amogus 165266 512 22.92 1009.63 -33.04
amogus 165373 512 22.91 1009.62 -34.33
amogus 165480 512 22.93 1009.77 -33.47
amogus 165586 512 22.92 1009.67 -33.47
amogus 165694 512 22.92 1009.67 -33.90
amogus 165800 512 22.92 1009.72 -33.13
amogus 165907 512 22.92 1009.63 -33.47
amogus 166014 512 22.92 1009.67 -33.65
amogus 166121 512 22.93 1009.69 -33.13
amogus 166227 512 22.92 1009.63 -33.99
amogus 166335 512 22.93 1009.73 -33.65
amogus 166441 512 22.93 1009.69 -33.99
amogus 166548 511 22.93 1009.73 -34.42
amogus 166656 511 22.93 1009.78 -32.79
amogus 166762 512 22.92 1009.59 -33.99
amogus 166868 511 22.93 1009.73 -33.99
amogus 166975 511 22.93 1009.73 -33.56
amogus 167083 511 22.92 1009.68 -34.07
amogus 167189 511 22.93 1009.74 -33.65
amogus 167296 511 22.93 1009.69 -34.76
amogus 167403 511 22.93 1009.82 -33.31
amogus 167510 511 22.93 1009.65 -34.00
amogus 167616 511 22.94 1009.73 -33.82
amogus 167724 511 22.94 1009.71 -33.48
amogus 167830 511 22.94 1009.67 -33.56
amogus 167937 511 22.94 1009.68 -34.34
amogus 168044 511 22.94 1009.77 -33.31
amogus 168151 511 22.94 1009.65 -33.48
amogus 168257 511 22.94 1009.67 -33.83
amogus 168365 511 22.95 1009.71 -34.51
amogus 168471 511 22.95 1009.79 -33.74
amogus 168578 511 22.95 1009.70 -31.95
amogus 168685 511 22.94 1009.48 -34.08
amogus 168792 511 22.95 1009.74 -33.83
amogus 168898 511 22.95 1009.71 -32.80
amogus 169006 511 22.95 1009.59 -33.48
amogus 169112 511 22.95 1009.67 -34.34
amogus 169219 511 22.94 1009.77 -33.14
amogus 169326 510 22.95 1009.63 -33.91
amogus 169433 510 22.96 1009.72 -33.65
amogus 169539 510 22.94 1009.69 -34.60
amogus 169647 510 22.96 1009.80 -33.31
amogus 169753 510 22.96 1009.65 -33.83
amogus 169860 510 22.95 1009.71 -34.00
amogus 169967 510 22.96 1009.73 -33.49
amogus 170074 510 22.97 1009.67 -32.98
amogus 170180 510 22.96 1009.61 -32.63
amogus 170288 510 22.96 1009.57 -32.63
amogus 170394 510 22.96 1009.57 -34.09
amogus 170501 510 22.97 1009.74 -33.40
amogus 170608 510 22.97 1009.66 -34.17
amogus 170715 510 22.97 1009.75 -33.49
amogus 170821 510 22.97 1009.67 -33.23
amogus 170928 510 22.98 1009.64 -33.57
amogus 171035 510 22.98 1009.68 -33.49
amogus 171142 510 22.97 1009.67 -32.81
amogus 171248 510 22.97 1009.59 -33.49
amogus 171356 510 22.97 1009.67 -34.09
amogus 171462 510 22.97 1009.74 -34.34
amogus 171569 510 22.98 1009.77 -33.66
amogus 171676 510 22.98 1009.69 -33.57
amogus 171783 510 22.98 1009.68 -33.23
amogus 171889 509 22.98 1009.64 -33.41
amogus 171997 509 22.98 1009.66 -33.66
amogus 172103 510 22.98 1009.69 -32.98
amogus 172210 509 22.98 1009.61 -33.75
amogus 172317 509 22.98 1009.70 -32.73
amogus 172424 509 22.98 1009.58 -34.34
amogus 172530 509 22.98 1009.77 -33.84
amogus 172638 509 22.99 1009.71 -33.16
amogus 172744 509 22.99 1009.63 -33.41
amogus 172851 509 22.98 1009.66 -33.84
amogus 172958 509 22.99 1009.71 -33.16
amogus 173065 509 22.99 1009.63 -33.58
amogus 173171 509 22.99 1009.68 -32.73
amogus 173279 509 22.98 1009.58 -33.49
amogus 173385 509 22.99 1009.67 -32.99
amogus 173492 509 23.00 1009.61 -34.52
amogus 173599 509 22.99 1009.79 -32.90
amogus 173706 509 22.99 1009.60 -33.92
amogus 173812 509 22.99 1009.72 -33.67
amogus 173920 509 23.00 1009.69 -32.56
amogus 174026 509 22.99 1009.56 -33.67
amogus 174133 509 23.00 1009.69 -33.32
amogus 174239 509 23.00 1009.65 -34.01
amogus 174347 509 23.00 1009.73 -33.50
amogus 174453 508 23.01 1009.67 -33.07
amogus 174560 509 23.00 1009.62 -32.73
amogus 174667 509 23.00 1009.58 -33.67
amogus 174774 509 23.00 1009.69 -33.58
amogus 174880 508 22.99 1009.68 -32.73
amogus 174988 508 23.00 1009.58 -33.41
amogus 175094 508 23.00 1009.66 -32.99
amogus 175201 509 23.00 1009.61 -33.75
amogus 175308 508 23.00 1009.70 -33.07
amogus 175415 509 23.00 1009.62 -32.99
amogus 175521 508 23.00 1009.61 -32.73
amogus 175629 508 23.00 1009.58 -33.50
amogus 175735 508 23.01 1009.67 -33.16
amogus 175842 508 23.01 1009.63 -33.16
amogus 175949 508 23.01 1009.63 -33.16
amogus 176056 508 23.01 1009.63 -33.50
amogus 176162 508 23.01 1009.67 -33.58
amogus 176270 508 23.01 1009.68 -32.99
amogus 176376 508 23.01 1009.61 -34.01
amogus 176483 508 23.01 1009.73 -34.35
amogus 176590 508 23.01 1009.77 -33.41
amogus 176697 508 23.02 1009.66 -33.08
amogus 176803 508 23.02 1009.62 -33.16
amogus 176911 508 23.02 1009.63 -32.73
amogus 177017 508 23.02 1009.58 -34.19
amogus 177124 508 23.02 1009.75 -33.50
amogus 177230 508 23.02 1009.67 -33.25
amogus 177338 508 23.03 1009.64 -33.50
amogus 177444 507 23.02 1009.67 -33.33
amogus 177551 508 23.03 1009.65 -33.16
amogus 177658 507 23.02 1009.63 -33.25
amogus 177765 507 23.03 1009.64 -33.25
amogus 177871 507 23.03 1009.64 -33.33
amogus 177979 507 23.03 1009.65 -33.33
amogus 178085 507 23.03 1009.65 -32.91
amogus 178192 507 23.03 1009.60 -34.02
amogus 178299 507 23.03 1009.73 -34.02
amogus 178406 507 23.03 1009.73 -33.42
amogus 178512 507 23.04 1009.66 -32.48
amogus 178620 507 23.04 1009.55 -33.85
amogus 178726 507 23.04 1009.71 -32.99
amogus 178833 507 23.03 1009.61 -33.08
amogus 178940 507 23.04 1009.62 -34.19
amogus 179047 507 23.04 1009.75 -32.83
amogus 179153 506 23.04 1009.59 -33.51
amogus 179261 507 23.04 1009.67 -33.51
amogus 179367 506 23.04 1009.67 -33.51
amogus 179474 506 23.04 1009.67 -34.19
amogus 179581 506 23.04 1009.75 -33.85
amogus 179688 506 23.04 1009.71 -33.85
amogus 179794 506 23.04 1009.71 -33.17
amogus 179902 506 23.04 1009.63 -34.02
amogus 180008 506 23.05 1009.73 -33.00
amogus 180115 506 23.05 1009.61 -33.42
amogus 180221 506 23.05 1009.66 -33.68
amogus 180329 506 23.05 1009.69 -33.17
amogus 180435 506 23.06 1009.63 -33.68
amogus 180542 506 23.05 1009.69 -33.09
amogus 180649 506 23.05 1009.62 -33.00
amogus 180756 506 23.05 1009.61 -33.60
amogus 180862 506 23.06 1009.68 -33.51
amogus 180970 506 23.06 1009.67 -33.94
amogus 181076 506 23.06 1009.72 -33.85
amogus 181183 505 23.06 1009.71 -32.66
amogus 181291 505 23.07 1009.57 -32.92
amogus 181397 505 23.06 1009.60 -33.26
amogus 181504 505 23.06 1009.64 -33.68
amogus 181611 505 23.07 1009.69 -33.26
amogus 181718 505 23.06 1009.64 -33.26
amogus 181824 505 23.06 1009.64 -33.35
amogus 181932 505 23.07 1009.65 -33.68
amogus 182038 505 23.07 1009.69 -33.35
amogus 182145 505 23.07 1009.65 -32.66
amogus 182252 505 23.07 1009.57 -32.66
amogus 182359 505 23.07 1009.57 -33.26
amogus 182465 505 23.08 1009.64 -33.51
amogus 182573 504 23.08 1009.67 -32.32
amogus 182679 505 23.07 1009.53 -33.51
amogus 182786 505 23.08 1009.67 -33.51
amogus 182892 504 23.08 1009.67 -33.51
amogus 183000 504 23.08 1009.67 -33.26
amogus 183106 504 23.08 1009.64 -33.26
amogus 183213 504 23.08 1009.64 -33.51
amogus 183320 504 23.08 1009.67 -33.69
amogus 183427 504 23.09 1009.69 -33.94
amogus 183533 504 23.08 1009.72 -33.01
amogus 183641 504 23.09 1009.61 -32.66
amogus 183747 504 23.09 1009.57 -33.94
amogus 183854 504 23.08 1009.72 -33.78
amogus 183961 504 23.09 1009.70 -33.44
amogus 184068 504 23.09 1009.66 -32.75
amogus 184174 503 23.09 1009.58 -33.35
amogus 184282 504 23.09 1009.65 -33.44
amogus 184388 503 23.09 1009.66 -33.78
amogus 184495 503 23.09 1009.70 -32.66
amogus 184602 503 23.09 1009.57 -33.01
amogus 184709 503 23.09 1009.61 -33.18
amogus 184815 503 23.09 1009.63 -32.84
amogus 184923 503 23.09 1009.59 -33.86
amogus 185029 503 23.09 1009.71 -32.58
amogus 185136 503 23.10 1009.56 -33.86
amogus 185243 503 23.09 1009.71 -33.52
amogus 185350 503 23.09 1009.67 -33.01
amogus 185456 503 23.10 1009.61 -33.95
amogus 185563 503 23.10 1009.72 -33.44
amogus 185670 503 23.11 1009.66 -33.01
amogus 185777 502 23.10 1009.61 -33.87
amogus 185883 502 23.11 1009.71 -33.61
amogus 185991 502 23.10 1009.68 -33.27
amogus 186097 502 23.10 1009.64 -32.67
amogus 186204 502 23.10 1009.57 -32.76
amogus 186311 502 23.11 1009.58 -33.01
amogus 186418 502 23.10 1009.61 -33.53
amogus 186524 502 23.11 1009.67 -33.87
amogus 186632 502 23.11 1009.71 -32.76
amogus 186738 502 23.11 1009.58 -33.70
amogus 186845 502 23.12 1009.69 -33.35
amogus 186952 502 23.10 1009.65 -34.30
amogus 187059 502 23.12 1009.77 -33.45
amogus 187165 502 23.13 1009.66 -33.19
amogus 187273 502 23.11 1009.63 -33.78
amogus 187379 501 23.11 1009.70 -33.53
amogus 187486 501 23.11 1009.67 -33.78
amogus 187593 501 23.13 1009.70 -34.13
amogus 187700 501 23.13 1009.74 -33.53
amogus 187806 501 23.13 1009.67 -33.02
amogus 187914 501 23.12 1009.61 -33.53
amogus 188020 501 23.11 1009.67 -33.53
amogus 188127 501 23.11 1009.67 -33.45
amogus 188234 501 23.13 1009.66 -33.19
amogus 188341 501 23.11 1009.63 -33.53
amogus 188447 501 23.13 1009.67 -33.87
amogus 188555 501 23.13 1009.71 -34.04
amogus 188661 501 23.12 1009.73 -33.70
amogus 188768 501 23.14 1009.69 -33.87
amogus 188875 501 23.13 1009.71 -33.45
amogus 188982 500 23.14 1009.66 -33.11
amogus 189088 500 23.14 1009.62 -33.36
amogus 189196 500 23.14 1009.65 -33.28
amogus 189302 500 23.13 1009.64 -34.13
amogus 189409 500 23.14 1009.75 -33.11
amogus 189516 500 23.14 1009.62 -33.96
amogus 189623 500 23.15 1009.73 -33.54
amogus 189729 500 23.15 1009.67 -33.88
amogus 189837 500 23.15 1009.72 -33.19
amogus 189943 500 23.15 1009.63 -34.13
amogus 190050 500 23.14 1009.75 -33.45
amogus 190157 500 23.14 1009.66 -32.85
amogus 190264 500 23.15 1009.59 -34.22
amogus 190370 500 23.15 1009.76 -32.85
amogus 190478 500 23.15 1009.59 -32.94
amogus 190584 500 23.15 1009.60 -33.19
amogus 190691 499 23.15 1009.63 -33.28
amogus 190798 499 23.15 1009.64 -33.88
amogus 190905 499 23.15 1009.72 -34.05
amogus 191011 499 23.16 1009.74 -33.54
amogus 191119 499 23.15 1009.67 -34.39
amogus 191225 499 23.16 1009.78 -34.22
amogus 191332 499 23.15 1009.76 -33.54
amogus 191439 499 23.15 1009.67 -33.62
amogus 191546 499 23.15 1009.68 -33.96
amogus 191652 499 23.15 1009.73 -33.37
amogus 191760 499 23.16 1009.65 -33.70
amogus 191866 499 23.16 1009.69 -33.79
amogus 191973 499 23.16 1009.71 -33.70
amogus 192080 499 23.16 1009.69 -33.62
amogus 192187 499 23.15 1009.68 -32.94
amogus 192293 499 23.15 1009.60 -33.02
amogus 192401 499 23.16 1009.61 -33.54
amogus 192507 499 23.17 1009.67 -34.22
amogus 192614 499 23.17 1009.76 -33.79
amogus 192721 499 23.16 1009.71 -33.88
amogus 192828 499 23.17 1009.72 -33.11
amogus 192934 499 23.16 1009.62 -33.20
amogus 193042 499 23.17 1009.63 -32.77
amogus 193148 499 23.16 1009.58 -33.37
amogus 193255 499 23.17 1009.65 -33.80
amogus 193362 499 23.18 1009.71 -33.37
amogus 193469 499 23.17 1009.65 -33.88
amogus 193575 498 23.18 1009.72 -33.46
amogus 193683 499 23.18 1009.66 -33.63
amogus 193789 499 23.17 1009.68 -32.69
amogus 193896 499 23.17 1009.57 -33.46
amogus 194003 498 23.18 1009.66 -33.72
amogus 194110 499 23.19 1009.70 -34.57
amogus 194216 499 23.18 1009.80 -32.43
amogus 194324 499 23.18 1009.54 -32.77
amogus 194430 498 23.18 1009.58 -32.52
amogus 194537 498 23.18 1009.55 -33.63
amogus 194644 499 23.19 1009.69 -33.55
amogus 194751 498 23.18 1009.68 -33.97
amogus 194857 498 23.19 1009.73 -33.63
amogus 194965 498 23.19 1009.69 -34.06
amogus 195072 498 23.19 1009.74 -33.72
amogus 195178 498 23.19 1009.70 -34.14
amogus 195284 498 23.20 1009.75 -34.06
amogus 195392 498 23.19 1009.74 -33.03
amogus 195499 498 23.19 1009.61 -33.12
amogus 195605 497 23.20 1009.62 -33.21
amogus 195713 497 23.20 1009.63 -34.23
amogus 195819 497 23.20 1009.76 -33.81
amogus 195926 497 23.20 1009.71 -33.81
amogus 196033 497 23.20 1009.71 -33.81
amogus 196140 497 23.20 1009.71 -33.21
amogus 196246 497 23.20 1009.63 -32.61
amogus 196354 497 23.20 1009.56 -33.21
amogus 196460 497 23.20 1009.63 -33.55
amogus 196567 497 23.20 1009.68 -32.86
amogus 196674 497 23.20 1009.59 -33.72
amogus 196781 497 23.21 1009.70 -32.61
amogus 196887 497 23.20 1009.56 -34.06
amogus 196995 497 23.21 1009.74 -33.38
amogus 197101 497 23.21 1009.66 -33.55
amogus 197208 497 23.20 1009.68 -33.29
amogus 197315 497 23.20 1009.65 -32.86
amogus 197422 497 23.20 1009.59 -33.89
amogus 197528 497 23.20 1009.72 -34.32
amogus 197636 497 23.20 1009.77 -33.13
amogus 197742 497 23.21 1009.63 -33.21
amogus 197849 497 23.22 1009.64 -34.15
amogus 197956 497 23.21 1009.75 -33.04
amogus 198063 497 23.21 1009.61 -33.81
amogus 198169 497 23.21 1009.71 -33.38
amogus 198277 497 23.21 1009.66 -33.55
amogus 198383 497 23.22 1009.68 -33.90
amogus 198490 497 23.22 1009.72 -33.55
amogus 198597 497 23.22 1009.68 -33.04
amogus 198704 497 23.23 1009.62 -33.21
amogus 198810 497 23.22 1009.64 -32.87
amogus 198918 497 23.22 1009.59 -33.73
amogus 199024 497 23.23 1009.70 -33.04
amogus 199131 497 23.23 1009.62 -33.64
amogus 199238 497 23.22 1009.69 -33.73
amogus 199345 497 23.23 1009.70 -33.81
amogus 199451 497 23.23 1009.71 -33.13
amogus 199559 497 23.23 1009.63 -32.96
amogus 199665 497 23.24 1009.61 -33.21
amogus 199772 497 23.24 1009.64 -33.90
amogus 199879 497 23.24 1009.72 -32.44
amogus 199986 497 23.23 1009.54 -33.90
amogus 200092 497 23.24 1009.72 -33.73
amogus 200200 497 23.24 1009.70 -33.82
amogus 200306 497 23.25 1009.71 -34.16
amogus 200413 497 23.25 1009.75 -33.39
amogus 200520 496 23.24 1009.66 -34.16
amogus 200627 497 23.25 1009.75 -33.64
amogus 200733 497 23.24 1009.69 -33.82
amogus 200841 497 23.25 1009.71 -34.25
amogus 200947 497 23.25 1009.76 -33.48
amogus 201054 497 23.25 1009.67 -34.16
amogus 201161 497 23.25 1009.75 -33.65
amogus 201268 496 23.26 1009.69 -33.05
amogus 201374 497 23.26 1009.62 -33.73
amogus 201482 497 23.24 1009.70 -33.48
amogus 201588 497 23.25 1009.67 -33.56
amogus 201695 497 23.25 1009.68 -34.50
amogus 201802 496 23.25 1009.79 -33.56
amogus 201909 496 23.25 1009.68 -32.97
amogus 202015 496 23.26 1009.61 -34.25
amogus 202123 496 23.25 1009.76 -33.39
amogus 202229 497 23.24 1009.66 -33.39
amogus 202336 496 23.24 1009.66 -34.07
amogus 202443 496 23.24 1009.74 -33.05
amogus 202550 496 23.24 1009.62 -33.48
amogus 202656 496 23.25 1009.67 -34.25
amogus 202764 496 23.25 1009.76 -33.39
amogus 202870 496 23.24 1009.66 -34.24
amogus 202977 496 23.24 1009.76 -33.81
amogus 203084 496 23.23 1009.71 -33.81
amogus 203191 496 23.23 1009.71 -33.56
amogus 203297 495 23.24 1009.68 -33.13
amogus 203405 495 23.23 1009.63 -32.02
amogus 203511 495 23.23 1009.49 -33.21
amogus 203618 495 23.22 1009.64 -32.70
amogus 203725 495 23.23 1009.57 -33.21
amogus 203832 495 23.22 1009.64 -33.55
amogus 203938 495 23.22 1009.68 -33.55
amogus 204046 495 23.22 1009.68 -33.81
amogus 204152 495 23.23 1009.71 -33.56
amogus 204259 495 23.24 1009.68 -34.23
amogus 204366 495 23.22 1009.76 -33.21
amogus 204473 495 23.22 1009.64 -33.38
amogus 204579 494 23.23 1009.66 -33.55
amogus 204686 494 23.22 1009.68 -33.38
amogus 204793 494 23.21 1009.66 -32.70
amogus 204900 494 23.21 1009.57 -33.64
amogus 205006 494 23.22 1009.69 -34.15
amogus 205114 494 23.23 1009.75 -33.38
amogus 205220 494 23.23 1009.66 -33.64
amogus 205327 494 23.22 1009.69 -33.38
amogus 205434 494 23.23 1009.66 -33.98
amogus 205541 494 23.22 1009.73 -33.55
amogus 205647 494 23.22 1009.68 -34.15
amogus 205755 494 23.23 1009.75 -33.81
amogus 205861 494 23.23 1009.71 -33.13
amogus 205968 494 23.23 1009.63 -33.21
amogus 206075 494 23.24 1009.64 -33.56
amogus 206182 494 23.24 1009.68 -33.21
amogus 206288 494 23.24 1009.64 -33.82
amogus 206396 494 23.25 1009.71 -33.64
amogus 206502 494 23.24 1009.69 -33.82
amogus 206609 494 23.25 1009.71 -33.91
amogus 206716 494 23.25 1009.72 -33.48
amogus 206823 494 23.25 1009.67 -33.05
amogus 206929 493 23.26 1009.62 -33.73
amogus 207037 494 23.26 1009.70 -33.39
amogus 207143 493 23.26 1009.66 -33.65
amogus 207250 494 23.26 1009.69 -33.99
amogus 207357 494 23.26 1009.73 -33.39
amogus 207464 493 23.26 1009.66 -34.25
amogus 207570 493 23.25 1009.76 -33.65
amogus 207678 493 23.26 1009.69 -33.22
amogus 207784 493 23.25 1009.64 -33.31
amogus 207891 493 23.26 1009.65 -33.39
amogus 207998 493 23.26 1009.66 -33.14
amogus 208105 493 23.27 1009.63 -33.14
amogus 208211 493 23.27 1009.63 -34.07
amogus 208319 493 23.26 1009.74 -33.22
amogus 208425 492 23.27 1009.64 -33.14
amogus 208532 493 23.27 1009.63 -33.65
amogus 208640 493 23.28 1009.69 -33.40
amogus 208746 493 23.28 1009.66 -33.39
amogus 208852 492 23.26 1009.66 -33.22
amogus 208960 492 23.27 1009.64 -33.40
amogus 209067 492 23.28 1009.66 -33.48
amogus 209173 492 23.27 1009.67 -34.08
amogus 209281 492 23.28 1009.74 -33.57
amogus 209387 492 23.27 1009.68 -34.77
amogus 209494 492 23.28 1009.82 -33.74
amogus 209601 492 23.28 1009.70 -34.68
amogus 209708 492 23.28 1009.81 -33.23
amogus 209814 492 23.29 1009.64 -33.74
amogus 209922 492 23.28 1009.70 -34.08
amogus 210028 492 23.28 1009.74 -33.31
amogus 210135 492 23.28 1009.65 -32.37
amogus 210242 492 23.28 1009.53 -33.48
amogus 210349 492 23.28 1009.67 -33.14
amogus 210455 492 23.28 1009.63 -34.16
amogus 210563 492 23.28 1009.75 -33.57
amogus 210669 492 23.29 1009.68 -33.23
amogus 210776 492 23.29 1009.64 -33.48
amogus 210882 492 23.28 1009.67 -33.48
amogus 210990 492 23.28 1009.67 -33.23
amogus 211096 491 23.29 1009.64 -32.89
amogus 211203 491 23.29 1009.60 -33.57
amogus 211310 492 23.29 1009.68 -32.89
amogus 211417 491 23.29 1009.60 -33.23
amogus 211523 491 23.29 1009.64 -33.66
amogus 211631 491 23.29 1009.69 -33.74
amogus 211737 491 23.30 1009.70 -33.57
amogus 211844 491 23.29 1009.68 -33.66
amogus 211951 491 23.29 1009.69 -33.31
amogus 212058 491 23.29 1009.65 -33.74
amogus 212164 491 23.30 1009.70 -33.74
amogus 212272 491 23.30 1009.70 -34.17
amogus 212378 491 23.30 1009.75 -33.06
amogus 212485 491 23.30 1009.62 -32.72
amogus 212592 491 23.30 1009.58 -34.17
amogus 212699 491 23.30 1009.75 -33.40
amogus 212805 491 23.30 1009.66 -33.40
amogus 212913 491 23.30 1009.66 -33.32
amogus 213019 491 23.31 1009.65 -33.23
amogus 213126 490 23.31 1009.64 -33.23
amogus 213233 491 23.31 1009.64 -33.83
amogus 213340 491 23.30 1009.71 -33.15
amogus 213446 491 23.30 1009.63 -32.98
amogus 213554 491 23.31 1009.61 -34.60
amogus 213660 490 23.31 1009.80 -33.49
amogus 213767 491 23.30 1009.67 -33.32
amogus 213874 490 23.31 1009.65 -33.92
amogus 213981 490 23.31 1009.72 -34.34
amogus 214087 491 23.31 1009.77 -33.40
amogus 214195 491 23.32 1009.66 -33.66
amogus 214301 491 23.31 1009.69 -33.49
amogus 214408 491 23.32 1009.67 -32.98
amogus 214514 491 23.31 1009.61 -33.83
amogus 214622 490 23.32 1009.71 -32.55
amogus 214728 490 23.32 1009.56 -33.40
amogus 214835 490 23.32 1009.66 -33.75
amogus 214942 490 23.32 1009.70 -33.49
amogus 215049 490 23.32 1009.67 -33.58
amogus 215155 490 23.32 1009.68 -33.66
amogus 215263 490 23.33 1009.69 -33.75
amogus 215369 490 23.32 1009.70 -33.92
amogus 215476 490 23.32 1009.72 -33.15
amogus 215583 490 23.32 1009.63 -33.92
amogus 215690 490 23.32 1009.72 -33.32
amogus 215796 490 23.33 1009.65 -34.09
amogus 215904 489 23.33 1009.74 -33.49
amogus 216010 489 23.32 1009.67 -33.07
amogus 216117 489 23.33 1009.62 -33.92
amogus 216224 489 23.32 1009.72 -33.24
amogus 216331 489 23.32 1009.64 -33.58
amogus 216437 489 23.32 1009.68 -33.58
amogus 216545 489 23.32 1009.68 -33.32
amogus 216651 489 23.33 1009.65 -33.58
amogus 216758 489 23.32 1009.68 -34.18
amogus 216865 489 23.32 1009.75 -33.41
amogus 216972 489 23.33 1009.66 -33.66
amogus 217078 489 23.33 1009.69 -34.01
amogus 217186 489 23.33 1009.73 -33.41
amogus 217292 489 23.33 1009.66 -33.58
amogus 217399 489 23.32 1009.68 -33.66
amogus 217506 489 23.33 1009.69 -33.41
amogus 217613 488 23.33 1009.66 -34.01
amogus 217719 489 23.33 1009.73 -33.24
amogus 217827 488 23.32 1009.64 -34.09
amogus 217933 488 23.33 1009.74 -34.01
amogus 218040 489 23.33 1009.73 -33.24
amogus 218147 489 23.34 1009.64 -33.50
amogus 218254 488 23.34 1009.67 -33.67
amogus 218360 488 23.35 1009.69 -33.50
amogus 218468 488 23.34 1009.67 -33.67
amogus 218574 488 23.35 1009.69 -33.92
amogus 218681 488 23.34 1009.72 -32.73
amogus 218788 489 23.33 1009.58 -33.67
amogus 218895 489 23.35 1009.69 -34.44
amogus 219001 488 23.35 1009.78 -33.16
amogus 219109 488 23.34 1009.63 -33.24
amogus 219215 488 23.34 1009.64 -32.64
amogus 219322 487 23.35 1009.57 -33.58
amogus 219429 488 23.34 1009.68 -33.33
amogus 219536 488 23.35 1009.65 -33.67
amogus 219642 488 23.35 1009.69 -33.33
amogus 219750 488 23.35 1009.65 -33.41
amogus 219856 488 23.35 1009.66 -33.59
amogus 219963 488 23.36 1009.68 -34.18
amogus 220070 488 23.36 1009.75 -32.90
amogus 220177 488 23.36 1009.60 -34.44
amogus 220283 488 23.35 1009.78 -33.93
amogus 220391 488 23.36 1009.72 -33.59
amogus 220497 488 23.36 1009.68 -33.76
amogus 220604 488 23.37 1009.70 -33.67
amogus 220711 488 23.36 1009.69 -33.59
amogus 220818 488 23.36 1009.68 -34.02
amogus 220924 488 23.36 1009.73 -33.08
amogus 221032 488 23.37 1009.62 -34.02
amogus 221138 488 23.36 1009.73 -33.76
amogus 221245 488 23.37 1009.70 -33.08
amogus 221352 488 23.37 1009.62 -34.10
amogus 221459 488 23.37 1009.74 -33.42
amogus 221565 488 23.37 1009.66 -34.19
amogus 221673 488 23.37 1009.75 -33.93
amogus 221779 488 23.38 1009.72 -34.10
amogus 221886 487 23.37 1009.74 -33.93
amogus 221993 487 23.38 1009.72 -34.44
amogus 222100 488 23.37 1009.78 -33.50
amogus 222206 487 23.37 1009.67 -32.56
amogus 222313 488 23.38 1009.56 -33.50
amogus 222420 487 23.37 1009.67 -33.68
amogus 222527 488 23.38 1009.69 -33.42
amogus 222633 488 23.39 1009.66 -33.76
amogus 222741 487 23.39 1009.70 -33.33
amogus 222848 487 23.38 1009.65 -33.59
amogus 222954 488 23.38 1009.68 -32.82
amogus 223062 487 23.37 1009.59 -34.11
amogus 223168 487 23.39 1009.74 -33.33
amogus 223275 488 23.38 1009.65 -33.42
amogus 223382 487 23.39 1009.66 -34.11
amogus 223489 487 23.39 1009.74 -34.11
amogus 223595 488 23.39 1009.74 -33.25
amogus 223703 487 23.38 1009.64 -33.51
amogus 223809 487 23.39 1009.67 -33.42
amogus 223916 487 23.39 1009.66 -33.60
amogus 224023 487 23.39 1009.68 -33.76
amogus 224130 487 23.39 1009.70 -32.91
amogus 224236 487 23.39 1009.60 -33.42
amogus 224344 487 23.39 1009.66 -32.83
amogus 224450 487 23.39 1009.59 -32.56
amogus 224557 487 23.38 1009.56 -33.17
amogus 224664 487 23.39 1009.63 -33.85
amogus 224771 487 23.39 1009.71 -33.26
amogus 224877 487 23.39 1009.64 -33.51
amogus 224985 487 23.39 1009.67 -33.68
amogus 225091 487 23.40 1009.69 -32.57
amogus 225198 487 23.39 1009.56 -33.85
amogus 225305 487 23.39 1009.71 -33.94
amogus 225412 487 23.39 1009.72 -33.26
amogus 225518 487 23.39 1009.64 -32.91
amogus 225626 486 23.39 1009.60 -33.77
amogus 225732 487 23.40 1009.70 -33.34
amogus 225839 486 23.40 1009.65 -33.42
amogus 225946 487 23.40 1009.66 -33.77
amogus 226053 486 23.40 1009.70 -32.66
amogus 226159 486 23.40 1009.57 -33.17
amogus 226267 486 23.39 1009.63 -33.68
amogus 226373 487 23.40 1009.69 -33.34
amogus 226480 487 23.40 1009.65 -34.79
amogus 226587 487 23.40 1009.82 -33.00
amogus 226694 486 23.40 1009.61 -32.66
amogus 226800 486 23.40 1009.57 -33.09
amogus 226907 486 23.40 1009.62 -33.85
amogus 227014 487 23.41 1009.71 -33.17
amogus 227121 486 23.41 1009.63 -33.94
amogus 227227 487 23.41 1009.72 -33.60
amogus 227335 486 23.41 1009.68 -33.94
amogus 227441 487 23.41 1009.72 -33.94
amogus 227548 487 23.41 1009.72 -33.09
amogus 227655 486 23.40 1009.62 -33.26
amogus 227762 486 23.41 1009.64 -33.77
amogus 227868 486 23.42 1009.70 -32.32
amogus 227976 486 23.42 1009.53 -32.75
amogus 228082 486 23.42 1009.58 -33.26
amogus 228189 486 23.41 1009.64 -33.26
amogus 228296 487 23.41 1009.64 -33.00
amogus 228403 487 23.42 1009.61 -33.68
amogus 228509 486 23.42 1009.69 -33.35
amogus 228617 486 23.42 1009.65 -33.26
amogus 228723 486 23.41 1009.64 -33.00
amogus 228830 486 23.42 1009.61 -33.51
amogus 228937 486 23.43 1009.67 -33.43
amogus 229044 486 23.42 1009.66 -32.75
amogus 229150 486 23.42 1009.58 -33.86
amogus 229258 486 23.43 1009.71 -33.35
amogus 229364 486 23.43 1009.65 -32.92
amogus 229471 486 23.43 1009.60 -33.77
amogus 229578 486 23.42 1009.70 -33.51
amogus 229685 486 23.43 1009.67 -32.83
amogus 229791 486 23.43 1009.59 -32.83
amogus 229899 486 23.43 1009.59 -34.11
amogus 230005 486 23.42 1009.74 -33.86
amogus 230112 486 23.43 1009.71 -33.51
amogus 230219 486 23.43 1009.67 -33.51
amogus 230326 486 23.43 1009.67 -32.75
amogus 230432 486 23.42 1009.58 -34.11
amogus 230540 486 23.42 1009.74 -33.00
amogus 230646 485 23.42 1009.61 -33.17
amogus 230753 485 23.41 1009.63 -33.68
amogus 230860 485 23.42 1009.69 -33.26
amogus 230967 486 23.41 1009.64 -33.94
amogus 231073 486 23.41 1009.72 -33.51
amogus 231181 485 23.41 1009.67 -33.77
amogus 231287 486 23.40 1009.70 -33.17
amogus 231394 485 23.41 1009.63 -33.34
amogus 231500 485 23.40 1009.65 -32.91
amogus 231608 486 23.39 1009.60 -33.26
amogus 231714 486 23.39 1009.64 -33.09
amogus 231821 485 23.40 1009.62 -34.11
amogus 231928 486 23.40 1009.74 -34.46
amogus 232035 485 23.40 1009.78 -33.26
amogus 232141 486 23.39 1009.64 -34.02
amogus 232249 485 23.40 1009.73 -32.74
amogus 232355 486 23.40 1009.58 -32.23
amogus 232462 485 23.39 1009.52 -33.42
amogus 232569 485 23.40 1009.66 -33.60
amogus 232676 485 23.39 1009.68 -34.71
amogus 232782 485 23.40 1009.81 -33.09
amogus 232890 485 23.40 1009.62 -33.77
amogus 232996 485 23.40 1009.70 -33.09
amogus 233103 485 23.40 1009.62 -33.17
amogus 233210 485 23.41 1009.63 -34.88
amogus 233317 485 23.41 1009.83 -33.17
amogus 233423 485 23.41 1009.63 -32.92
amogus 233531 485 23.41 1009.60 -33.60
amogus 233637 485 23.41 1009.68 -32.32
amogus 233744 485 23.42 1009.53 -33.35
amogus 233851 485 23.42 1009.65 -33.43
amogus 233958 485 23.42 1009.66 -33.35
amogus 234064 485 23.42 1009.65 -34.11
amogus 234172 485 23.42 1009.74 -33.26
amogus 234278 485 23.41 1009.64 -32.66
amogus 234385 484 23.42 1009.57 -33.00
amogus 234492 485 23.42 1009.61 -33.60
amogus 234599 485 23.43 1009.68 -34.11
amogus 234705 485 23.42 1009.74 -33.51
amogus 234813 485 23.43 1009.67 -33.43
amogus 234919 485 23.42 1009.66 -33.35
amogus 235026 485 23.42 1009.65 -34.20
amogus 235133 484 23.43 1009.75 -32.75
amogus 235240 485 23.42 1009.58 -34.29
amogus 235346 484 23.43 1009.76 -33.51
amogus 235454 485 23.43 1009.67 -33.18
amogus 235560 485 23.43 1009.63 -33.26
amogus 235667 485 23.43 1009.64 -33.60
amogus 235774 484 23.43 1009.68 -32.75
amogus 235881 485 23.42 1009.58 -33.43
amogus 235987 484 23.42 1009.66 -32.58
amogus 236095 485 23.43 1009.56 -32.92
amogus 236201 484 23.43 1009.60 -32.92
amogus 236308 485 23.43 1009.60 -32.24
amogus 236416 484 23.43 1009.52 -33.26
amogus 236522 485 23.43 1009.64 -33.60
amogus 236628 484 23.43 1009.68 -33.01
amogus 236736 484 23.43 1009.61 -32.32
amogus 236843 484 23.43 1009.53 -33.43
amogus 236949 484 23.44 1009.66 -34.12
amogus 237057 484 23.44 1009.74 -33.60
amogus 237163 484 23.45 1009.68 -32.76
amogus 237270 485 23.46 1009.58 -33.60
amogus 237377 484 23.45 1009.68 -34.03
amogus 237484 485 23.45 1009.73 -33.09
amogus 237590 484 23.44 1009.62 -33.95
amogus 237697 484 23.45 1009.72 -32.92
amogus 237804 484 23.45 1009.60 -33.44
amogus 237911 484 23.46 1009.66 -33.44
amogus 238017 485 23.46 1009.66 -33.35
amogus 238125 485 23.45 1009.65 -33.44
amogus 238231 485 23.46 1009.66 -32.76
amogus 238338 485 23.46 1009.58 -32.76
amogus 238445 485 23.46 1009.58 -33.10
amogus 238552 485 23.46 1009.62 -32.16
amogus 238658 485 23.46 1009.51 -33.18
amogus 238766 484 23.46 1009.63 -33.10
amogus 238872 485 23.46 1009.62 -32.76
amogus 238979 485 23.46 1009.58 -32.93
amogus 239086 485 23.47 1009.60 -33.44
amogus 239193 485 23.46 1009.66 -33.53
amogus 239299 484 23.46 1009.67 -33.44
amogus 239407 484 23.46 1009.66 -33.61
amogus 239513 484 23.47 1009.68 -33.27
amogus 239620 485 23.47 1009.64 -33.18
amogus 239727 485 23.46 1009.63 -32.84
amogus 239834 485 23.46 1009.59 -33.53
amogus 239940 485 23.46 1009.67 -33.10
amogus 240048 485 23.46 1009.62 -33.18
amogus 240154 485 23.46 1009.63 -32.84
amogus 240261 484 23.46 1009.59 -33.61
amogus 240368 484 23.47 1009.68 -33.53
amogus 240475 485 23.46 1009.67 -33.53
amogus 240581 484 23.46 1009.67 -33.61
amogus 240689 485 23.47 1009.68 -32.84
amogus 240795 485 23.46 1009.59 -33.10
amogus 240902 485 23.46 1009.62 -33.44
amogus 241009 485 23.47 1009.66 -34.30
amogus 241116 485 23.47 1009.76 -33.95
amogus 241222 485 23.47 1009.72 -34.04
amogus 241330 485 23.47 1009.73 -33.36
amogus 241436 485 23.47 1009.65 -33.01
amogus 241543 485 23.47 1009.61 -32.76
amogus 241650 485 23.47 1009.58 -33.44
amogus 241757 485 23.47 1009.66 -33.19
amogus 241863 485 23.48 1009.63 -33.19
amogus 241971 485 23.48 1009.63 -33.96
amogus 242077 485 23.48 1009.72 -32.59
amogus 242184 485 23.48 1009.56 -33.87
amogus 242290 485 23.48 1009.71 -33.45
amogus 242398 485 23.49 1009.66 -34.13
amogus 242504 485 23.49 1009.75 -33.27
amogus 242611 485 23.48 1009.64 -33.70
amogus 242718 485 23.49 1009.69 -33.70
amogus 242825 485 23.49 1009.69 -33.36
amogus 242931 485 23.49 1009.65 -33.87
amogus 243039 485 23.50 1009.71 -32.76
amogus 243145 485 23.49 1009.58 -33.53
amogus 243252 485 23.50 1009.67 -34.13
amogus 243359 485 23.49 1009.75 -33.28
amogus 243466 485 23.50 1009.64 -33.53
amogus 243572 485 23.50 1009.67 -32.76
amogus 243680 485 23.49 1009.58 -32.85
amogus 243786 485 23.50 1009.59 -32.93
amogus 243893 485 23.50 1009.60 -33.11
amogus 244000 485 23.51 1009.62 -33.28
amogus 244107 485 23.50 1009.64 -34.13
amogus 244213 485 23.51 1009.75 -33.28
amogus 244321 485 23.50 1009.64 -33.11
amogus 244427 485 23.51 1009.62 -33.62
amogus 244534 485 23.50 1009.68 -32.68
amogus 244641 485 23.51 1009.57 -33.70
amogus 244748 484 23.51 1009.69 -33.28
amogus 244854 485 23.50 1009.64 -33.02
amogus 244962 485 23.51 1009.61 -33.11
amogus 245068 485 23.51 1009.62 -34.13
amogus 245175 485 23.51 1009.75 -33.28
amogus 245282 485 23.50 1009.64 -33.28
amogus 245389 485 23.52 1009.64 -33.11
amogus 245495 485 23.51 1009.62 -33.96
amogus 245603 485 23.52 1009.73 -34.48
amogus 245709 485 23.51 1009.79 -33.96
amogus 245816 485 23.52 1009.73 -34.56
amogus 245923 485 23.51 1009.80 -33.28
amogus 246030 485 23.52 1009.64 -33.28
amogus 246136 485 23.52 1009.64 -33.28
amogus 246244 485 23.52 1009.64 -33.19
amogus 246350 485 23.51 1009.63 -33.37
amogus 246457 485 23.52 1009.65 -33.37
amogus 246564 484 23.52 1009.65 -34.48
amogus 246671 485 23.53 1009.79 -34.05
amogus 246777 485 23.52 1009.74 -33.88
amogus 246884 485 23.53 1009.72 -33.37
amogus 246991 485 23.52 1009.65 -33.11
amogus 247098 485 23.53 1009.62 -34.31
amogus 247205 484 23.54 1009.77 -33.45
amogus 247312 484 23.53 1009.66 -33.54
amogus 247418 484 23.53 1009.67 -33.97
amogus 247526 484 23.54 1009.73 -32.85
amogus 247632 485 23.53 1009.59 -33.29
amogus 247739 485 23.54 1009.64 -33.20
amogus 247845 484 23.53 1009.63 -33.11
amogus 247953 484 23.53 1009.62 -34.40
amogus 248059 485 23.54 1009.78 -32.94
amogus 248166 484 23.54 1009.60 -33.11
amogus 248273 484 23.53 1009.62 -33.29
amogus 248380 484 23.54 1009.64 -33.54
amogus 248486 485 23.53 1009.67 -33.29
amogus 248594 484 23.54 1009.64 -33.63
amogus 248700 484 23.54 1009.69 -33.20
amogus 248807 484 23.53 1009.63 -33.46
amogus 248914 484 23.55 1009.66 -32.94
amogus 249021 484 23.54 1009.60 -32.94
amogus 249127 484 23.54 1009.60 -33.11
amogus 249235 484 23.55 1009.62 -34.23
amogus 249341 484 23.55 1009.76 -32.86
amogus 249448 484 23.55 1009.59 -33.55
amogus 249555 484 23.55 1009.68 -33.37
amogus 249662 484 23.54 1009.65 -33.20
amogus 249768 484 23.55 1009.63 -33.11
amogus 249876 484 23.55 1009.62 -33.20
amogus 249982 485 23.55 1009.63 -33.03
amogus 250089 484 23.54 1009.61 -33.29
amogus 250196 484 23.55 1009.64 -33.63
amogus 250303 484 23.55 1009.69 -33.20
amogus 250409 484 23.55 1009.63 -33.88
amogus 250517 484 23.55 1009.72 -33.97
amogus 250624 484 23.55 1009.73 -33.55
amogus 250730 484 23.55 1009.68 -33.38
amogus 250838 484 23.56 1009.65 -33.63
amogus 250944 484 23.55 1009.69 -33.38
amogus 251051 484 23.56 1009.65 -33.63
amogus 251158 484 23.55 1009.69 -33.38
amogus 251265 484 23.56 1009.65 -33.29
amogus 251371 484 23.55 1009.64 -33.12
amogus 251479 484 23.56 1009.62 -33.38
amogus 251585 484 23.56 1009.65 -33.46
amogus 251692 484 23.56 1009.67 -33.46
amogus 251799 484 23.56 1009.67 -33.21
amogus 251906 484 23.57 1009.63 -32.53
amogus 252012 484 23.57 1009.55 -33.89
amogus 252120 484 23.57 1009.72 -33.97
amogus 252226 484 23.57 1009.73 -33.55
amogus 252333 484 23.57 1009.68 -33.89
amogus 252440 484 23.57 1009.72 -33.21
amogus 252547 484 23.57 1009.63 -33.72
amogus 252653 484 23.58 1009.70 -32.61
amogus 252761 484 23.57 1009.56 -32.95
amogus 252867 484 23.57 1009.60 -34.41
amogus 252974 484 23.58 1009.78 -33.38
amogus 253081 484 23.58 1009.66 -33.04
amogus 253188 484 23.58 1009.61 -33.64
amogus 253294 483 23.57 1009.69 -33.13
amogus 253402 484 23.58 1009.63 -33.64
amogus 253508 484 23.57 1009.69 -33.04
amogus 253615 484 23.58 1009.61 -32.79
amogus 253722 484 23.58 1009.58 -33.47
amogus 253829 484 23.58 1009.67 -33.13
amogus 253935 484 23.58 1009.63 -33.13
amogus 254043 484 23.58 1009.63 -33.13
amogus 254149 484 23.58 1009.63 -33.97
amogus 254256 484 23.57 1009.73 -33.90
amogus 254363 483 23.59 1009.72 -32.79
amogus 254470 484 23.58 1009.58 -32.79
amogus 254576 484 23.58 1009.58 -33.55
amogus 254684 483 23.59 1009.68 -33.30
amogus 254790 484 23.59 1009.65 -33.64
amogus 254897 484 23.59 1009.69 -33.98
amogus 255004 484 23.59 1009.73 -33.55
amogus 255111 484 23.59 1009.68 -33.04
amogus 255217 483 23.59 1009.61 -33.38
amogus 255325 484 23.59 1009.66 -33.04
amogus 255431 483 23.59 1009.61 -32.87
amogus 255538 484 23.59 1009.59 -33.04
amogus 255644 483 23.59 1009.61 -33.38
amogus 255752 483 23.59 1009.66 -34.06
amogus 255858 483 23.59 1009.74 -33.30
amogus 255965 483 23.59 1009.65 -33.04
amogus 256072 483 23.59 1009.61 -34.06
amogus 256179 483 23.59 1009.74 -33.04
amogus 256285 483 23.59 1009.61 -34.06
amogus 256393 483 23.59 1009.74 -33.56
amogus 256499 483 23.60 1009.68 -32.79
amogus 256606 483 23.60 1009.58 -33.47
amogus 256713 483 23.60 1009.67 -33.98
amogus 256820 483 23.61 1009.73 -33.38
amogus 256926 483 23.59 1009.66 -34.15
amogus 257034 483 23.60 1009.75 -33.38
amogus 257140 483 23.59 1009.66 -32.10
amogus 257247 483 23.60 1009.50 -33.38
amogus 257354 483 23.59 1009.66 -33.56
amogus 257461 483 23.60 1009.68 -33.21
amogus 257567 483 23.60 1009.64 -33.56
amogus 257675 483 23.60 1009.68 -33.90
amogus 257781 483 23.60 1009.72 -33.30
amogus 257888 483 23.61 1009.65 -33.56
amogus 257995 483 23.60 1009.68 -33.21
amogus 258102 483 23.60 1009.64 -33.81
amogus 258208 483 23.60 1009.71 -33.13
amogus 258316 483 23.60 1009.63 -33.73
amogus 258422 483 23.61 1009.70 -33.64
amogus 258529 483 23.61 1009.69 -33.82
amogus 258636 483 23.62 1009.71 -32.96
