amogus 1012 481 0.00 0.00 1505.53
amogus 1119 480 23.70 838.69 -34.56
amogus 1225 481 21.17 1009.80 -33.20
amogus 1332 481 21.17 1009.63 -33.37
amogus 1439 481 21.18 1009.65 -34.14
amogus 1546 480 21.18 1009.75 -33.12
amogus 1652 481 21.18 1009.62 -33.12
amogus 1759 481 21.18 1009.62 -33.29
amogus 1866 481 21.19 1009.64 -33.79
amogus 1973 481 21.18 1009.71 -33.03
amogus 2079 481 21.18 1009.61 -33.37
amogus 2186 481 21.18 1009.65 -32.69
amogus 2293 481 21.18 1009.57 -33.46
amogus 2400 481 21.18 1009.66 -33.88
amogus 2506 481 21.18 1009.72 -33.88
amogus 2613 481 21.18 1009.72 -34.22
amogus 2719 481 21.18 1009.76 -34.14
amogus 2827 481 21.18 1009.75 -33.12
amogus 2933 481 21.18 1009.62 -33.20
amogus 3040 481 21.18 1009.63 -33.20
amogus 3146 481 21.18 1009.63 -34.06
amogus 3254 481 21.19 1009.74 -33.29
amogus 3360 481 21.19 1009.64 -32.61
amogus 3467 481 21.19 1009.56 -33.29
amogus 3573 482 21.19 1009.64 -33.97
amogus 3681 481 21.19 1009.73 -33.20
amogus 3787 482 21.18 1009.63 -34.31
amogus 3894 482 21.19 1009.77 -33.55
amogus 4000 483 21.18 1009.68 -34.22
amogus 4107 490 21.18 1009.76 -33.72
amogus 4214 507 21.19 1009.70 -34.14
amogus 4321 535 21.20 1009.75 -33.72
amogus 4427 561 21.19 1009.70 -33.04
amogus 4534 582 21.19 1009.61 -33.29
amogus 4641 599 21.19 1009.64 -33.38
amogus 4748 612 21.19 1009.66 -33.97
amogus 4854 624 21.19 1009.73 -33.72
amogus 4961 634 21.19 1009.70 -33.38
amogus 5068 648 21.19 1009.66 -33.38
amogus 5175 664 21.19 1009.66 -33.72
amogus 5281 678 21.19 1009.70 -32.36
amogus 5388 689 21.19 1009.53 -34.31
amogus 5495 699 21.19 1009.77 -34.14
amogus 5602 707 21.20 1009.75 -33.38
amogus 5708 716 21.19 1009.66 -33.55
amogus 5815 724 21.18 1009.68 -33.72
amogus 5922 733 21.19 1009.70 -33.38
amogus 6029 740 21.19 1009.66 -33.38
amogus 6135 748 21.19 1009.66 -33.29
amogus 6242 755 21.19 1009.64 -33.38
amogus 6348 762 21.19 1009.66 -33.29
amogus 6456 771 21.19 1009.64 -34.06
amogus 6562 779 21.19 1009.74 -32.70
amogus 6669 788 21.19 1009.57 -33.38
amogus 6775 796 21.19 1009.66 -33.38
amogus 6883 804 21.19 1009.66 -33.29
amogus 6989 813 21.19 1009.64 -33.47
amogus 7096 822 21.20 1009.67 -33.04
amogus 7202 833 21.19 1009.61 -32.70
amogus 7310 844 21.19 1009.57 -34.23
amogus 7416 855 21.20 1009.76 -34.14
amogus 7523 864 21.20 1009.75 -32.87
amogus 7629 873 21.20 1009.59 -33.38
amogus 7736 881 21.19 1009.66 -33.21
amogus 7843 889 21.20 1009.64 -33.73
amogus 7950 896 21.21 1009.70 -33.98
amogus 8056 902 21.21 1009.73 -32.53
amogus 8163 907 21.20 1009.55 -33.55
amogus 8270 912 21.20 1009.68 -33.81
amogus 8377 916 21.20 1009.71 -33.55
amogus 8483 920 21.20 1009.68 -33.21
amogus 8590 923 21.20 1009.64 -32.96
amogus 8697 926 21.21 1009.61 -33.81
amogus 8804 928 21.20 1009.71 -32.79
amogus 8910 930 21.20 1009.58 -32.79
amogus 9017 932 21.20 1009.58 -33.55
amogus 9124 935 21.20 1009.68 -33.89
amogus 9231 936 21.20 1009.72 -34.32
amogus 9337 938 21.21 1009.77 -32.53
amogus 9444 939 21.20 1009.55 -33.89
amogus 9550 942 21.20 1009.72 -33.55
amogus 9658 943 21.20 1009.68 -34.58
amogus 9764 944 21.20 1009.80 -33.39
amogus 9871 945 21.21 1009.66 -33.55
amogus 9977 946 21.20 1009.68 -33.21
amogus 10085 947 21.20 1009.64 -33.30
amogus 10191 948 21.21 1009.65 -34.06
amogus 10298 949 21.21 1009.74 -33.81
amogus 10404 949 21.20 1009.71 -33.73
amogus 10512 950 21.21 1009.70 -33.98
amogus 10618 950 21.21 1009.73 -33.98
amogus 10725 950 21.21 1009.73 -33.64
amogus 10832 951 21.21 1009.69 -32.96
amogus 10939 951 21.21 1009.61 -32.96
amogus 11045 952 21.21 1009.61 -33.73
amogus 11152 951 21.21 1009.70 -33.64
amogus 11259 952 21.21 1009.69 -33.55
amogus 11366 953 21.20 1009.68 -33.81
amogus 11472 952 21.22 1009.71 -33.64
amogus 11580 952 21.21 1009.69 -33.64
amogus 11686 952 21.21 1009.69 -33.73
amogus 11793 953 21.21 1009.70 -33.55
amogus 11899 952 21.20 1009.68 -33.55
amogus 12007 952 21.20 1009.68 -33.90
amogus 12113 952 21.22 1009.72 -33.55
amogus 12220 952 21.20 1009.68 -33.39
amogus 12327 952 21.21 1009.66 -33.73
amogus 12434 952 21.21 1009.70 -33.90
amogus 12540 951 21.22 1009.72 -34.06
amogus 12647 952 21.21 1009.74 -33.13
amogus 12754 952 21.22 1009.63 -33.47
amogus 12861 951 21.22 1009.67 -33.73
amogus 12967 950 21.21 1009.70 -33.13
amogus 13075 950 21.22 1009.63 -33.81
amogus 13181 950 21.22 1009.71 -33.56
amogus 13288 949 21.22 1009.68 -34.07
amogus 13394 949 21.23 1009.74 -33.39
amogus 13502 948 21.23 1009.66 -33.90
amogus 13608 946 21.22 1009.72 -33.22
amogus 13715 943 21.22 1009.64 -33.22
amogus 13822 940 21.22 1009.64 -33.90
amogus 13929 938 21.22 1009.72 -33.56
amogus 14035 933 21.22 1009.68 -34.33
amogus 14142 930 21.22 1009.77 -33.90
amogus 14249 925 21.22 1009.72 -33.22
amogus 14356 922 21.22 1009.64 -33.98
amogus 14462 918 21.22 1009.73 -33.98
amogus 14569 913 21.22 1009.73 -33.65
amogus 14676 909 21.22 1009.69 -33.65
amogus 14783 905 21.22 1009.69 -32.88
amogus 14889 900 21.22 1009.60 -32.88
amogus 14997 896 21.22 1009.60 -33.13
amogus 15104 890 21.22 1009.63 -32.97
amogus 15210 886 21.22 1009.61 -33.39
amogus 15316 882 21.21 1009.66 -32.97
amogus 15424 877 21.22 1009.61 -33.65
amogus 15531 872 21.22 1009.69 -33.31
amogus 15637 868 21.22 1009.65 -33.47
amogus 15745 863 21.22 1009.67 -33.13
amogus 15851 858 21.22 1009.63 -33.65
amogus 15958 854 21.22 1009.69 -33.22
amogus 16064 849 21.22 1009.64 -34.24
amogus 16172 844 21.22 1009.76 -33.65
amogus 16278 839 21.22 1009.69 -32.88
amogus 16385 835 21.22 1009.60 -33.22
amogus 16492 830 21.22 1009.64 -33.90
amogus 16599 825 21.22 1009.72 -33.90
amogus 16705 821 21.22 1009.72 -32.79
amogus 16812 816 21.22 1009.59 -32.79
amogus 16919 812 21.22 1009.59 -33.13
amogus 17026 807 21.22 1009.63 -32.79
amogus 17132 803 21.22 1009.59 -33.73
amogus 17240 798 21.21 1009.70 -33.81
amogus 17346 794 21.22 1009.71 -33.13
amogus 17453 788 21.22 1009.63 -33.73
amogus 17559 784 21.23 1009.70 -33.56
amogus 17667 780 21.22 1009.68 -32.88
amogus 17773 776 21.22 1009.60 -34.24
amogus 17880 771 21.22 1009.76 -33.04
amogus 17987 766 21.21 1009.62 -33.47
amogus 18094 762 21.22 1009.67 -33.13
amogus 18200 758 21.22 1009.63 -32.88
amogus 18307 754 21.22 1009.60 -33.22
amogus 18414 750 21.22 1009.64 -33.56
amogus 18521 746 21.22 1009.68 -33.31
amogus 18627 741 21.22 1009.65 -32.54
amogus 18734 738 21.22 1009.56 -33.22
amogus 18841 734 21.22 1009.64 -33.22
amogus 18948 730 21.22 1009.64 -33.13
amogus 19054 726 21.22 1009.63 -33.22
amogus 19162 722 21.22 1009.64 -34.33
amogus 19268 718 21.22 1009.77 -33.47
amogus 19375 714 21.22 1009.67 -33.13
amogus 19481 710 21.22 1009.63 -33.47
amogus 19589 707 21.22 1009.67 -33.98
amogus 19695 703 21.22 1009.73 -33.22
amogus 19802 699 21.22 1009.64 -33.22
amogus 19909 696 21.22 1009.64 -33.13
amogus 20016 692 21.22 1009.63 -33.31
amogus 20122 688 21.22 1009.65 -32.88
amogus 20229 685 21.22 1009.60 -33.22
amogus 20336 681 21.22 1009.64 -33.56
amogus 20443 678 21.22 1009.68 -33.90
amogus 20549 675 21.22 1009.72 -34.15
amogus 20657 671 21.22 1009.75 -33.39
amogus 20763 668 21.21 1009.66 -32.96
amogus 20870 665 21.21 1009.61 -34.24
amogus 20976 662 21.22 1009.76 -33.39
amogus 21084 659 21.21 1009.66 -33.13
amogus 21190 656 21.22 1009.63 -32.79
amogus 21297 653 21.22 1009.59 -33.04
amogus 21404 650 21.21 1009.62 -33.73
amogus 21511 647 21.21 1009.70 -33.73
amogus 21617 644 21.21 1009.70 -32.96
amogus 21724 641 21.21 1009.61 -32.71
amogus 21831 639 21.21 1009.57 -33.13
amogus 21938 636 21.22 1009.63 -32.71
amogus 22044 633 21.21 1009.57 -32.87
amogus 22152 630 21.20 1009.59 -33.73
amogus 22258 628 21.21 1009.70 -33.98
amogus 22365 625 21.21 1009.73 -33.39
amogus 22471 623 21.21 1009.66 -33.39
amogus 22579 620 21.21 1009.66 -34.41
amogus 22685 618 21.21 1009.78 -33.30
amogus 22792 615 21.21 1009.65 -33.64
amogus 22899 613 21.21 1009.69 -33.73
amogus 23006 610 21.21 1009.70 -33.04
amogus 23112 608 21.21 1009.62 -33.04
amogus 23219 606 21.21 1009.62 -33.04
amogus 23326 604 21.21 1009.62 -32.19
amogus 23433 601 21.20 1009.51 -32.96
amogus 23539 599 21.21 1009.61 -32.87
amogus 23647 597 21.20 1009.59 -32.96
amogus 23753 595 21.21 1009.61 -32.44
amogus 23860 593 21.20 1009.54 -32.62
amogus 23966 591 21.21 1009.56 -33.64
amogus 24074 589 21.21 1009.69 -33.38
amogus 24180 587 21.19 1009.66 -32.87
amogus 24287 585 21.20 1009.59 -33.30
amogus 24394 583 21.21 1009.65 -33.55
amogus 24501 581 21.20 1009.68 -32.87
amogus 24607 579 21.20 1009.59 -33.89
amogus 24714 578 21.20 1009.72 -32.19
amogus 24821 576 21.20 1009.51 -34.06
amogus 24928 574 21.21 1009.74 -33.13
amogus 25034 572 21.20 1009.63 -33.38
amogus 25141 571 21.19 1009.66 -33.55
amogus 25248 569 21.20 1009.68 -33.47
amogus 25355 567 21.20 1009.67 -33.47
amogus 25461 566 21.20 1009.67 -33.30
amogus 25569 564 21.21 1009.65 -33.89
amogus 25675 563 21.20 1009.72 -33.47
amogus 25782 561 21.20 1009.67 -33.55
amogus 25888 560 21.20 1009.68 -33.47
amogus 25996 558 21.20 1009.67 -33.30
amogus 26102 557 21.21 1009.65 -33.64
amogus 26209 555 21.21 1009.69 -33.64
amogus 26316 554 21.21 1009.69 -32.53
amogus 26423 553 21.20 1009.55 -33.47
amogus 26529 551 21.22 1009.67 -33.04
amogus 26636 550 21.21 1009.62 -33.73
amogus 26743 549 21.21 1009.70 -33.81
amogus 26850 548 21.22 1009.71 -33.04
amogus 26956 546 21.21 1009.62 -33.98
amogus 27064 545 21.21 1009.73 -32.96
amogus 27170 544 21.21 1009.61 -33.30
amogus 27277 543 21.21 1009.65 -33.64
amogus 27383 541 21.21 1009.69 -33.04
amogus 27491 540 21.21 1009.62 -33.55
amogus 27597 539 21.20 1009.68 -32.87
amogus 27704 537 21.20 1009.59 -33.64
amogus 27811 536 21.21 1009.69 -33.30
amogus 27918 536 21.21 1009.65 -32.96
amogus 28024 534 21.21 1009.61 -33.04
amogus 28131 533 21.21 1009.62 -33.89
amogus 28238 532 21.20 1009.72 -33.73
amogus 28345 531 21.21 1009.70 -33.21
amogus 28451 530 21.20 1009.64 -33.81
amogus 28559 530 21.20 1009.71 -32.79
amogus 28665 528 21.20 1009.58 -32.87
amogus 28772 527 21.20 1009.59 -33.89
amogus 28878 527 21.20 1009.72 -33.30
amogus 28986 526 21.21 1009.65 -33.13
amogus 29092 525 21.20 1009.63 -33.38
amogus 29199 524 21.19 1009.66 -34.23
amogus 29305 523 21.20 1009.76 -34.23
amogus 29413 523 21.20 1009.76 -32.62
amogus 29519 521 21.21 1009.56 -33.47
amogus 29626 520 21.20 1009.67 -33.21
amogus 29733 520 21.20 1009.64 -33.55
amogus 29840 519 21.20 1009.68 -32.87
amogus 29946 518 21.20 1009.59 -33.30
amogus 30053 517 21.21 1009.65 -32.70
amogus 30160 516 21.19 1009.57 -33.38
amogus 30267 516 21.19 1009.66 -33.63
amogus 30373 515 21.19 1009.69 -33.72
amogus 30481 514 21.19 1009.70 -33.38
amogus 30587 514 21.19 1009.66 -33.29
amogus 30694 513 21.19 1009.64 -34.06
amogus 30800 512 21.19 1009.74 -33.38
amogus 30908 512 21.19 1009.66 -33.63
amogus 31014 511 21.19 1009.69 -33.29
amogus 31121 511 21.19 1009.64 -32.95
amogus 31228 510 21.19 1009.60 -32.18
amogus 31335 509 21.18 1009.51 -32.70
amogus 31441 508 21.19 1009.57 -33.38
amogus 31548 508 21.19 1009.66 -33.29
amogus 31655 507 21.19 1009.64 -34.06
amogus 31762 507 21.19 1009.74 -33.04
amogus 31868 506 21.19 1009.61 -33.29
amogus 31976 505 21.19 1009.64 -33.72
amogus 32082 505 21.19 1009.70 -33.38
amogus 32189 504 21.19 1009.66 -33.04
amogus 32295 504 21.19 1009.61 -33.55
amogus 32403 503 21.18 1009.68 -33.81
amogus 32509 503 21.20 1009.71 -33.04
amogus 32616 502 21.19 1009.61 -32.95
amogus 32722 501 21.19 1009.60 -33.55
amogus 32830 501 21.20 1009.68 -33.47
amogus 32936 501 21.20 1009.67 -32.61
amogus 33043 500 21.19 1009.56 -33.38
amogus 33150 500 21.19 1009.66 -33.72
amogus 33257 499 21.19 1009.70 -32.53
amogus 33363 498 21.18 1009.55 -33.29
amogus 33470 498 21.19 1009.64 -32.95
amogus 33577 498 21.19 1009.60 -32.70
amogus 33684 497 21.19 1009.57 -33.29
amogus 33790 497 21.19 1009.64 -33.88
amogus 33898 497 21.18 1009.72 -32.86
amogus 34004 496 21.18 1009.59 -33.55
amogus 34111 496 21.18 1009.68 -33.20
amogus 34217 495 21.18 1009.63 -33.38
amogus 34325 495 21.19 1009.66 -33.20
amogus 34432 495 21.18 1009.63 -33.88
amogus 34538 494 21.18 1009.72 -33.37
amogus 34646 494 21.18 1009.65 -33.12
amogus 34752 493 21.18 1009.62 -33.37
amogus 34859 493 21.18 1009.65 -32.35
amogus 34965 493 21.18 1009.53 -33.46
amogus 35073 493 21.18 1009.66 -33.71
amogus 35179 492 21.18 1009.70 -33.28
amogus 35286 491 21.17 1009.64 -33.37
amogus 35392 491 21.18 1009.65 -33.37
amogus 35500 491 21.18 1009.65 -33.71
amogus 35606 490 21.18 1009.70 -33.63
amogus 35713 490 21.17 1009.68 -32.86
amogus 35820 490 21.17 1009.59 -33.79
amogus 35927 489 21.18 1009.71 -33.96
amogus 36033 489 21.17 1009.73 -33.55
amogus 36140 489 21.18 1009.68 -34.05
amogus 36247 489 21.18 1009.74 -33.71
amogus 36354 488 21.18 1009.70 -32.69
amogus 36460 488 21.18 1009.57 -33.46
amogus 36568 488 21.18 1009.66 -33.12
amogus 36674 487 21.18 1009.62 -33.97
amogus 36781 487 21.19 1009.73 -32.35
amogus 36887 487 21.18 1009.53 -34.22
amogus 36995 487 21.18 1009.76 -33.79
amogus 37101 486 21.18 1009.71 -33.46
amogus 37208 486 21.18 1009.66 -34.22
amogus 37315 486 21.18 1009.76 -33.37
amogus 37422 486 21.18 1009.65 -33.55
amogus 37528 486 21.18 1009.68 -33.12
amogus 37635 485 21.18 1009.62 -33.03
amogus 37742 485 21.18 1009.61 -33.28
amogus 37849 485 21.17 1009.64 -33.28
amogus 37955 485 21.17 1009.64 -34.05
amogus 38063 484 21.18 1009.74 -32.26
amogus 38169 484 21.17 1009.52 -32.69
amogus 38276 484 21.18 1009.57 -34.31
amogus 38382 484 21.17 1009.77 -33.63
amogus 38490 484 21.17 1009.68 -33.28
amogus 38596 483 21.17 1009.64 -33.63
amogus 38703 483 21.17 1009.68 -33.71
amogus 38810 483 21.18 1009.70 -32.61
amogus 38917 483 21.17 1009.56 -33.28
amogus 39023 482 21.17 1009.64 -32.86
amogus 39130 483 21.18 1009.59 -33.37
amogus 39237 483 21.18 1009.65 -33.63
amogus 39344 482 21.17 1009.68 -33.63
amogus 39450 482 21.17 1009.68 -32.94
amogus 39558 482 21.17 1009.60 -34.39
amogus 39664 482 21.18 1009.78 -33.20
amogus 39771 481 21.17 1009.63 -33.96
amogus 39877 482 21.17 1009.73 -33.63
amogus 39985 481 21.17 1009.68 -32.77
amogus 40091 481 21.16 1009.58 -32.86
amogus 40198 481 21.17 1009.59 -33.20
amogus 40304 481 21.17 1009.63 -33.11
amogus 40412 481 21.16 1009.62 -34.22
amogus 40518 480 21.17 1009.76 -33.20
amogus 40625 480 21.17 1009.63 -33.20
amogus 40732 480 21.17 1009.63 -33.63
amogus 40839 480 21.17 1009.68 -33.79
amogus 40945 480 21.16 1009.70 -33.45
amogus 41052 480 21.16 1009.66 -33.02
amogus 41159 480 21.16 1009.61 -32.77
amogus 41266 480 21.16 1009.58 -33.54
amogus 41372 480 21.17 1009.67 -32.68
amogus 41480 480 21.16 1009.57 -32.77
amogus 41586 479 21.16 1009.58 -33.02
amogus 41693 480 21.16 1009.61 -33.53
amogus 41799 479 21.15 1009.67 -33.79
amogus 41907 479 21.16 1009.70 -33.62
amogus 42013 479 21.15 1009.68 -33.87
amogus 42120 478 21.15 1009.71 -32.68
amogus 42227 478 21.16 1009.57 -33.36
amogus 42334 478 21.16 1009.65 -33.19
amogus 42440 478 21.15 1009.63 -33.44
amogus 42547 479 21.14 1009.66 -32.60
amogus 42654 478 21.15 1009.56 -33.62
amogus 42761 478 21.15 1009.68 -33.19
amogus 42867 478 21.15 1009.63 -32.60
amogus 42975 478 21.15 1009.56 -33.87
amogus 43081 477 21.15 1009.71 -33.19
amogus 43188 478 21.15 1009.63 -33.96
amogus 43294 477 21.15 1009.72 -33.87
amogus 43402 477 21.15 1009.71 -33.87
amogus 43508 478 21.15 1009.71 -32.94
amogus 43615 477 21.15 1009.60 -33.96
amogus 43722 477 21.15 1009.72 -33.36
amogus 43829 477 21.16 1009.65 -33.11
amogus 43935 477 21.16 1009.62 -33.54
amogus 44042 477 21.17 1009.67 -32.68
amogus 44149 476 21.16 1009.57 -33.62
amogus 44256 477 21.15 1009.68 -32.68
amogus 44362 477 21.16 1009.57 -33.11
amogus 44470 476 21.16 1009.62 -33.45
amogus 44576 476 21.16 1009.66 -33.36
amogus 44683 476 21.16 1009.65 -34.13
amogus 44789 476 21.16 1009.75 -33.70
amogus 44897 476 21.16 1009.69 -33.45
amogus 45003 476 21.16 1009.66 -32.52
amogus 45110 476 21.17 1009.55 -33.53
amogus 45217 476 21.15 1009.67 -32.60
amogus 45324 476 21.15 1009.56 -32.68
amogus 45430 476 21.16 1009.57 -34.39
amogus 45537 476 21.16 1009.78 -33.87
amogus 45644 476 21.15 1009.71 -34.21
amogus 45751 476 21.15 1009.75 -34.21
amogus 45857 476 21.15 1009.75 -33.96
amogus 45964 476 21.15 1009.72 -33.44
amogus 46071 475 21.14 1009.66 -33.78
amogus 46178 475 21.14 1009.70 -32.93
amogus 46284 475 21.14 1009.60 -33.78
amogus 46392 475 21.14 1009.70 -32.76
amogus 46498 475 21.14 1009.58 -32.67
amogus 46605 475 21.14 1009.57 -33.10
amogus 46711 475 21.13 1009.62 -33.53
amogus 46819 475 21.15 1009.67 -33.02
amogus 46925 475 21.14 1009.61 -33.44
amogus 47032 475 21.14 1009.66 -33.19
amogus 47139 475 21.13 1009.63 -33.36
amogus 47246 475 21.14 1009.65 -34.04
amogus 47352 475 21.14 1009.73 -33.69
amogus 47459 474 21.14 1009.69 -33.61
amogus 47566 474 21.14 1009.68 -33.27
amogus 47673 474 21.14 1009.64 -33.61
amogus 47779 474 21.14 1009.68 -33.69
amogus 47887 474 21.14 1009.69 -33.69
amogus 47993 474 21.14 1009.69 -33.86
amogus 48100 474 21.13 1009.71 -33.86
amogus 48206 474 21.13 1009.71 -33.53
amogus 48314 474 21.13 1009.67 -33.44
amogus 48420 474 21.13 1009.66 -33.61
amogus 48527 474 21.14 1009.68 -33.19
amogus 48634 474 21.13 1009.63 -32.84
amogus 48741 474 21.13 1009.59 -33.53
amogus 48847 474 21.13 1009.67 -33.86
amogus 48954 474 21.13 1009.71 -33.69
amogus 49061 474 21.14 1009.69 -33.53
amogus 49168 473 21.13 1009.67 -33.86
amogus 49274 473 21.13 1009.71 -32.84
amogus 49381 473 21.13 1009.59 -33.53
amogus 49488 473 21.13 1009.67 -34.29
amogus 49595 473 21.14 1009.76 -33.61
amogus 49701 473 21.14 1009.68 -33.44
amogus 49809 473 21.13 1009.66 -33.86
amogus 49915 473 21.13 1009.71 -33.77
amogus 50022 473 21.13 1009.70 -34.20
amogus 50129 473 21.13 1009.75 -32.67
amogus 50236 473 21.12 1009.57 -33.86
amogus 50342 473 21.13 1009.71 -32.75
amogus 50449 473 21.13 1009.58 -33.19
amogus 50556 473 21.13 1009.63 -33.10
amogus 50663 473 21.13 1009.62 -32.84
amogus 50769 473 21.13 1009.59 -33.86
amogus 50876 473 21.13 1009.71 -33.19
amogus 50983 473 21.13 1009.63 -33.44
amogus 51090 472 21.13 1009.66 -32.93
amogus 51196 472 21.14 1009.60 -33.86
amogus 51304 472 21.13 1009.71 -33.86
amogus 51410 473 21.13 1009.71 -33.53
amogus 51517 472 21.13 1009.67 -33.95
amogus 51623 472 21.14 1009.72 -34.12
amogus 51731 473 21.13 1009.74 -34.29
amogus 51837 472 21.14 1009.76 -33.53
amogus 51944 473 21.13 1009.67 -34.04
amogus 52051 473 21.14 1009.73 -33.27
amogus 52158 473 21.14 1009.64 -33.44
amogus 52264 472 21.14 1009.66 -32.33
amogus 52371 472 21.14 1009.53 -33.53
amogus 52478 472 21.13 1009.67 -33.53
amogus 52585 472 21.13 1009.67 -34.29
amogus 52691 472 21.14 1009.76 -33.27
amogus 52799 472 21.14 1009.64 -34.04
amogus 52905 472 21.14 1009.73 -33.53
amogus 53012 472 21.13 1009.67 -32.93
amogus 53118 472 21.14 1009.60 -32.93
amogus 53226 472 21.14 1009.60 -33.69
amogus 53332 472 21.12 1009.69 -33.01
amogus 53439 472 21.12 1009.61 -33.86
amogus 53547 472 21.13 1009.71 -33.19
amogus 53653 472 21.13 1009.63 -33.69
amogus 53760 472 21.12 1009.69 -33.35
amogus 53866 472 21.12 1009.65 -33.35
amogus 53974 472 21.12 1009.65 -34.03
amogus 54080 471 21.12 1009.73 -33.17
amogus 54187 472 21.11 1009.63 -33.35
amogus 54294 472 21.12 1009.65 -33.17
amogus 54401 472 21.11 1009.63 -33.09
amogus 54507 472 21.11 1009.62 -32.66
amogus 54614 471 21.10 1009.57 -33.09
amogus 54721 472 21.11 1009.62 -33.68
amogus 54828 472 21.10 1009.69 -33.42
amogus 54934 472 21.11 1009.66 -33.68
amogus 55041 472 21.10 1009.69 -33.51
amogus 55148 472 21.11 1009.67 -33.51
amogus 55255 472 21.11 1009.67 -33.42
amogus 55361 472 21.11 1009.66 -33.51
amogus 55469 471 21.11 1009.67 -33.51
amogus 55575 471 21.11 1009.67 -34.11
amogus 55682 471 21.11 1009.74 -33.51
amogus 55788 471 21.11 1009.67 -33.09
amogus 55896 471 21.11 1009.62 -33.09
amogus 56002 471 21.11 1009.62 -34.19
